namespace Mosse {
constexpr const unsigned kHann45x45Height = 45;  // Number of rows
constexpr const unsigned kHann45x45Width = 45;  // Number of columns
constexpr const float kHann45x45[kHann45x45Height][kHann45x45Width] = {
	{0.000000000000, 0.000000000000, 0.000000000000, 0.000000000000, 0.000000000000, 0.000000000000, 0.000000000000, 0.000000000000, 0.000000000000, 0.000000000000, 0.000000000000, 0.000000000000, 0.000000000000, 0.000000000000, 0.000000000000, 0.000000000000, 0.000000000000, 0.000000000000, 0.000000000000, 0.000000000000, 0.000000000000, 0.000000000000, 0.000000000000, 0.000000000000, 0.000000000000, 0.000000000000, 0.000000000000, 0.000000000000, 0.000000000000, 0.000000000000, 0.000000000000, 0.000000000000, 0.000000000000, 0.000000000000, 0.000000000000, 0.000000000000, 0.000000000000, 0.000000000000, 0.000000000000, 0.000000000000, 0.000000000000, 0.000000000000, 0.000000000000, 0.000000000000, 0.000000000000, },
	{0.000000000000, 0.000025900761, 0.000103075781, 0.000229953997, 0.000403952536, 0.000621529288, 0.000878255020, 0.001168903534, 0.001487558066, 0.001827731729, 0.002182499567, 0.002544639530, 0.002906779493, 0.003261547331, 0.003601720993, 0.003920375525, 0.004211024040, 0.004467749771, 0.004685326524, 0.004859325063, 0.004986203279, 0.005063378298, 0.005089279060, 0.005063378298, 0.004986203279, 0.004859325063, 0.004685326524, 0.004467749771, 0.004211024040, 0.003920375525, 0.003601720993, 0.003261547331, 0.002906779493, 0.002544639530, 0.002182499567, 0.001827731729, 0.001487558066, 0.001168903534, 0.000878255020, 0.000621529288, 0.000403952536, 0.000229953997, 0.000103075781, 0.000025900761, 0.000000000000, },
	{0.000000000000, 0.000103075781, 0.000410204797, 0.000915134787, 0.001607586834, 0.002473464609, 0.003495141339, 0.004651818632, 0.005919949873, 0.007273719568, 0.008685568869, 0.010126756596, 0.011567944324, 0.012979793625, 0.014333563320, 0.015601694561, 0.016758371854, 0.017780048584, 0.018645926359, 0.019338378406, 0.019843308396, 0.020150437412, 0.020253513193, 0.020150437412, 0.019843308396, 0.019338378406, 0.018645926359, 0.017780048584, 0.016758371854, 0.015601694561, 0.014333563320, 0.012979793625, 0.011567944324, 0.010126756596, 0.008685568869, 0.007273719568, 0.005919949873, 0.004651818632, 0.003495141339, 0.002473464609, 0.001607586834, 0.000915134787, 0.000410204797, 0.000103075781, 0.000000000000, },
	{0.000000000000, 0.000229953997, 0.000915134787, 0.002041594066, 0.003586400371, 0.005518105900, 0.007797386700, 0.010377843186, 0.013206944705, 0.016227098910, 0.019376824170, 0.022592001161, 0.025807178153, 0.028956903413, 0.031977057618, 0.034806159137, 0.037386615623, 0.039665896423, 0.041597601952, 0.043142408257, 0.044268867536, 0.044954048326, 0.045184002323, 0.044954048326, 0.044268867536, 0.043142408257, 0.041597601952, 0.039665896423, 0.037386615623, 0.034806159137, 0.031977057618, 0.028956903413, 0.025807178153, 0.022592001161, 0.019376824170, 0.016227098910, 0.013206944705, 0.010377843186, 0.007797386700, 0.005518105900, 0.003586400371, 0.002041594066, 0.000915134787, 0.000229953997, 0.000000000000, },
	{0.000000000000, 0.000403952536, 0.001607586834, 0.003586400371, 0.006300110210, 0.009693473044, 0.013697409792, 0.018230411848, 0.023200200361, 0.028505604771, 0.034038622342, 0.039686616792, 0.045334611243, 0.050867628813, 0.056173033223, 0.061142821737, 0.065675823793, 0.069679760540, 0.073073123375, 0.075786833214, 0.077765646751, 0.078969281049, 0.079373233584, 0.078969281049, 0.077765646751, 0.075786833214, 0.073073123375, 0.069679760540, 0.065675823793, 0.061142821737, 0.056173033223, 0.050867628813, 0.045334611243, 0.039686616792, 0.034038622342, 0.028505604771, 0.023200200361, 0.018230411848, 0.013697409792, 0.009693473044, 0.006300110210, 0.003586400371, 0.001607586834, 0.000403952536, 0.000000000000, },
	{0.000000000000, 0.000621529288, 0.002473464609, 0.005518105900, 0.009693473044, 0.014914567607, 0.021075103160, 0.028049668965, 0.035696282975, 0.043859282180, 0.052372491455, 0.061062606411, 0.069752721367, 0.078265930643, 0.086428929848, 0.094075543858, 0.101050109663, 0.107210645216, 0.112431739779, 0.116607106923, 0.119651748214, 0.121503683535, 0.122125212823, 0.121503683535, 0.119651748214, 0.116607106923, 0.112431739779, 0.107210645216, 0.101050109663, 0.094075543858, 0.086428929848, 0.078265930643, 0.069752721367, 0.061062606411, 0.052372491455, 0.043859282180, 0.035696282975, 0.028049668965, 0.021075103160, 0.014914567607, 0.009693473044, 0.005518105900, 0.002473464609, 0.000621529288, 0.000000000000, },
	{0.000000000000, 0.000878255020, 0.003495141339, 0.007797386700, 0.013697409792, 0.021075103160, 0.029780278243, 0.039635722780, 0.050440808340, 0.061975574541, 0.074005206806, 0.086284816514, 0.098564426221, 0.110594058487, 0.122128824688, 0.132933910248, 0.142789354784, 0.151494529867, 0.158872223236, 0.164772246328, 0.169074491688, 0.171691378008, 0.172569633027, 0.171691378008, 0.169074491688, 0.164772246328, 0.158872223236, 0.151494529867, 0.142789354784, 0.132933910248, 0.122128824688, 0.110594058487, 0.098564426221, 0.086284816514, 0.074005206806, 0.061975574541, 0.050440808340, 0.039635722780, 0.029780278243, 0.021075103160, 0.013697409792, 0.007797386700, 0.003495141339, 0.000878255020, 0.000000000000, },
	{0.000000000000, 0.001168903534, 0.004651818632, 0.010377843186, 0.018230411848, 0.028049668965, 0.039635722780, 0.052752714647, 0.067133620439, 0.082485686384, 0.098496388693, 0.114839795636, 0.131183202579, 0.147193904888, 0.162545970833, 0.176926876625, 0.190043868492, 0.201629922307, 0.211449179425, 0.219301748087, 0.225027772640, 0.228510687738, 0.229679591272, 0.228510687738, 0.225027772640, 0.219301748087, 0.211449179425, 0.201629922307, 0.190043868492, 0.176926876625, 0.162545970833, 0.147193904888, 0.131183202579, 0.114839795636, 0.098496388693, 0.082485686384, 0.067133620439, 0.052752714647, 0.039635722780, 0.028049668965, 0.018230411848, 0.010377843186, 0.004651818632, 0.001168903534, 0.000000000000, },
	{0.000000000000, 0.001487558066, 0.005919949873, 0.013206944705, 0.023200200361, 0.035696282975, 0.050440808340, 0.067133620439, 0.085434901756, 0.104972090980, 0.125347467279, 0.146146246750, 0.166945026220, 0.187320402519, 0.206857591743, 0.225158873060, 0.241851685159, 0.256596210524, 0.269092293138, 0.279085548794, 0.286372543626, 0.290804935433, 0.292292493499, 0.290804935433, 0.286372543626, 0.279085548794, 0.269092293138, 0.256596210524, 0.241851685159, 0.225158873060, 0.206857591743, 0.187320402519, 0.166945026220, 0.146146246750, 0.125347467279, 0.104972090980, 0.085434901756, 0.067133620439, 0.050440808340, 0.035696282975, 0.023200200361, 0.013206944705, 0.005919949873, 0.001487558066, 0.000000000000, },
	{0.000000000000, 0.001827731729, 0.007273719568, 0.016227098910, 0.028505604771, 0.043859282180, 0.061975574541, 0.082485686384, 0.104972090980, 0.128977029975, 0.154011832037, 0.179566860790, 0.205121889542, 0.230156691604, 0.254161630599, 0.276648035195, 0.297158147039, 0.315274439400, 0.330628116808, 0.342906622669, 0.351860002011, 0.357305989850, 0.359133721579, 0.357305989850, 0.351860002011, 0.342906622669, 0.330628116808, 0.315274439400, 0.297158147039, 0.276648035195, 0.254161630599, 0.230156691604, 0.205121889542, 0.179566860790, 0.154011832037, 0.128977029975, 0.104972090980, 0.082485686384, 0.061975574541, 0.043859282180, 0.028505604771, 0.016227098910, 0.007273719568, 0.001827731729, 0.000000000000, },
	{0.000000000000, 0.002182499567, 0.008685568869, 0.019376824170, 0.034038622342, 0.052372491455, 0.074005206806, 0.098496388693, 0.125347467279, 0.154011832037, 0.183905959162, 0.214421290432, 0.244936621702, 0.274830748826, 0.303495113584, 0.330346192171, 0.354837374057, 0.376470089408, 0.394803958522, 0.409465756694, 0.420157011994, 0.426660081297, 0.428842580863, 0.426660081297, 0.420157011994, 0.409465756694, 0.394803958522, 0.376470089408, 0.354837374057, 0.330346192171, 0.303495113584, 0.274830748826, 0.244936621702, 0.214421290432, 0.183905959162, 0.154011832037, 0.125347467279, 0.098496388693, 0.074005206806, 0.052372491455, 0.034038622342, 0.019376824170, 0.008685568869, 0.002182499567, 0.000000000000, },
	{0.000000000000, 0.002544639530, 0.010126756596, 0.022592001161, 0.039686616792, 0.061062606411, 0.086284816514, 0.114839795636, 0.146146246750, 0.179566860790, 0.214421290432, 0.250000000000, 0.285578709568, 0.320433139210, 0.353853753250, 0.385160204364, 0.413715183486, 0.438937393589, 0.460313383208, 0.477407998839, 0.489873243404, 0.497455360470, 0.500000000000, 0.497455360470, 0.489873243404, 0.477407998839, 0.460313383208, 0.438937393589, 0.413715183486, 0.385160204364, 0.353853753250, 0.320433139210, 0.285578709568, 0.250000000000, 0.214421290432, 0.179566860790, 0.146146246750, 0.114839795636, 0.086284816514, 0.061062606411, 0.039686616792, 0.022592001161, 0.010126756596, 0.002544639530, 0.000000000000, },
	{0.000000000000, 0.002906779493, 0.011567944324, 0.025807178153, 0.045334611243, 0.069752721367, 0.098564426221, 0.131183202579, 0.166945026220, 0.205121889542, 0.244936621702, 0.285578709568, 0.326220797435, 0.366035529594, 0.404212392917, 0.439974216557, 0.472592992915, 0.501404697769, 0.525822807894, 0.545350240984, 0.559589474813, 0.568250639644, 0.571157419137, 0.568250639644, 0.559589474813, 0.545350240984, 0.525822807894, 0.501404697769, 0.472592992915, 0.439974216557, 0.404212392917, 0.366035529594, 0.326220797435, 0.285578709568, 0.244936621702, 0.205121889542, 0.166945026220, 0.131183202579, 0.098564426221, 0.069752721367, 0.045334611243, 0.025807178153, 0.011567944324, 0.002906779493, 0.000000000000, },
	{0.000000000000, 0.003261547331, 0.012979793625, 0.028956903413, 0.050867628813, 0.078265930643, 0.110594058487, 0.147193904888, 0.187320402519, 0.230156691604, 0.274830748826, 0.320433139210, 0.366035529594, 0.410709586817, 0.453545875902, 0.493672373533, 0.530272219934, 0.562600347778, 0.589998649607, 0.611909375008, 0.627886484796, 0.637604731090, 0.640866278421, 0.637604731090, 0.627886484796, 0.611909375008, 0.589998649607, 0.562600347778, 0.530272219934, 0.493672373533, 0.453545875902, 0.410709586817, 0.366035529594, 0.320433139210, 0.274830748826, 0.230156691604, 0.187320402519, 0.147193904888, 0.110594058487, 0.078265930643, 0.050867628813, 0.028956903413, 0.012979793625, 0.003261547331, 0.000000000000, },
	{0.000000000000, 0.003601720993, 0.014333563320, 0.031977057618, 0.056173033223, 0.086428929848, 0.122128824688, 0.162545970833, 0.206857591743, 0.254161630599, 0.303495113584, 0.353853753250, 0.404212392917, 0.453545875902, 0.500849914758, 0.545161535668, 0.585578681813, 0.621278576653, 0.651534473278, 0.675730448883, 0.693373943181, 0.704105785508, 0.707707506501, 0.704105785508, 0.693373943181, 0.675730448883, 0.651534473278, 0.621278576653, 0.585578681813, 0.545161535668, 0.500849914758, 0.453545875902, 0.404212392917, 0.353853753250, 0.303495113584, 0.254161630599, 0.206857591743, 0.162545970833, 0.122128824688, 0.086428929848, 0.056173033223, 0.031977057618, 0.014333563320, 0.003601720993, 0.000000000000, },
	{0.000000000000, 0.003920375525, 0.015601694561, 0.034806159137, 0.061142821737, 0.094075543858, 0.132933910248, 0.176926876625, 0.225158873060, 0.276648035195, 0.330346192171, 0.385160204364, 0.439974216557, 0.493672373533, 0.545161535668, 0.593393532103, 0.637386498480, 0.676244864870, 0.709177586991, 0.735514249591, 0.754718714167, 0.766400033203, 0.770320408728, 0.766400033203, 0.754718714167, 0.735514249591, 0.709177586991, 0.676244864870, 0.637386498480, 0.593393532103, 0.545161535668, 0.493672373533, 0.439974216557, 0.385160204364, 0.330346192171, 0.276648035195, 0.225158873060, 0.176926876625, 0.132933910248, 0.094075543858, 0.061142821737, 0.034806159137, 0.015601694561, 0.003920375525, 0.000000000000, },
	{0.000000000000, 0.004211024040, 0.016758371854, 0.037386615623, 0.065675823793, 0.101050109663, 0.142789354784, 0.190043868492, 0.241851685159, 0.297158147039, 0.354837374057, 0.413715183486, 0.472592992915, 0.530272219934, 0.585578681813, 0.637386498480, 0.684641012188, 0.726380257310, 0.761754543180, 0.790043751349, 0.810671995119, 0.823219342933, 0.827430366973, 0.823219342933, 0.810671995119, 0.790043751349, 0.761754543180, 0.726380257310, 0.684641012188, 0.637386498480, 0.585578681813, 0.530272219934, 0.472592992915, 0.413715183486, 0.354837374057, 0.297158147039, 0.241851685159, 0.190043868492, 0.142789354784, 0.101050109663, 0.065675823793, 0.037386615623, 0.016758371854, 0.004211024040, 0.000000000000, },
	{0.000000000000, 0.004467749771, 0.017780048584, 0.039665896423, 0.069679760540, 0.107210645216, 0.151494529867, 0.201629922307, 0.256596210524, 0.315274439400, 0.376470089408, 0.438937393589, 0.501404697769, 0.562600347778, 0.621278576653, 0.676244864870, 0.726380257310, 0.770664141961, 0.808195026637, 0.838208890754, 0.860094738593, 0.873407037406, 0.877874787177, 0.873407037406, 0.860094738593, 0.838208890754, 0.808195026637, 0.770664141961, 0.726380257310, 0.676244864870, 0.621278576653, 0.562600347778, 0.501404697769, 0.438937393589, 0.376470089408, 0.315274439400, 0.256596210524, 0.201629922307, 0.151494529867, 0.107210645216, 0.069679760540, 0.039665896423, 0.017780048584, 0.004467749771, 0.000000000000, },
	{0.000000000000, 0.004685326524, 0.018645926359, 0.041597601952, 0.073073123375, 0.112431739779, 0.158872223236, 0.211449179425, 0.269092293138, 0.330628116808, 0.394803958522, 0.460313383208, 0.525822807894, 0.589998649607, 0.651534473278, 0.709177586991, 0.761754543180, 0.808195026637, 0.847553643041, 0.879029164463, 0.901980840056, 0.915941439892, 0.920626766416, 0.915941439892, 0.901980840056, 0.879029164463, 0.847553643041, 0.808195026637, 0.761754543180, 0.709177586991, 0.651534473278, 0.589998649607, 0.525822807894, 0.460313383208, 0.394803958522, 0.330628116808, 0.269092293138, 0.211449179425, 0.158872223236, 0.112431739779, 0.073073123375, 0.041597601952, 0.018645926359, 0.004685326524, 0.000000000000, },
	{0.000000000000, 0.004859325063, 0.019338378406, 0.043142408257, 0.075786833214, 0.116607106923, 0.164772246328, 0.219301748087, 0.279085548794, 0.342906622669, 0.409465756694, 0.477407998839, 0.545350240984, 0.611909375008, 0.675730448883, 0.735514249591, 0.790043751349, 0.838208890754, 0.879029164463, 0.911673589420, 0.935477619272, 0.949956672615, 0.954815997677, 0.949956672615, 0.935477619272, 0.911673589420, 0.879029164463, 0.838208890754, 0.790043751349, 0.735514249591, 0.675730448883, 0.611909375008, 0.545350240984, 0.477407998839, 0.409465756694, 0.342906622669, 0.279085548794, 0.219301748087, 0.164772246328, 0.116607106923, 0.075786833214, 0.043142408257, 0.019338378406, 0.004859325063, 0.000000000000, },
	{0.000000000000, 0.004986203279, 0.019843308396, 0.044268867536, 0.077765646751, 0.119651748214, 0.169074491688, 0.225027772640, 0.286372543626, 0.351860002011, 0.420157011994, 0.489873243404, 0.559589474813, 0.627886484796, 0.693373943181, 0.754718714167, 0.810671995119, 0.860094738593, 0.901980840056, 0.935477619272, 0.959903178411, 0.974760283528, 0.979746486807, 0.974760283528, 0.959903178411, 0.935477619272, 0.901980840056, 0.860094738593, 0.810671995119, 0.754718714167, 0.693373943181, 0.627886484796, 0.559589474813, 0.489873243404, 0.420157011994, 0.351860002011, 0.286372543626, 0.225027772640, 0.169074491688, 0.119651748214, 0.077765646751, 0.044268867536, 0.019843308396, 0.004986203279, 0.000000000000, },
	{0.000000000000, 0.005063378298, 0.020150437412, 0.044954048326, 0.078969281049, 0.121503683535, 0.171691378008, 0.228510687738, 0.290804935433, 0.357305989850, 0.426660081297, 0.497455360470, 0.568250639644, 0.637604731090, 0.704105785508, 0.766400033203, 0.823219342933, 0.873407037406, 0.915941439892, 0.949956672615, 0.974760283528, 0.989847342642, 0.994910720940, 0.989847342642, 0.974760283528, 0.949956672615, 0.915941439892, 0.873407037406, 0.823219342933, 0.766400033203, 0.704105785508, 0.637604731090, 0.568250639644, 0.497455360470, 0.426660081297, 0.357305989850, 0.290804935433, 0.228510687738, 0.171691378008, 0.121503683535, 0.078969281049, 0.044954048326, 0.020150437412, 0.005063378298, 0.000000000000, },
	{0.000000000000, 0.005089279060, 0.020253513193, 0.045184002323, 0.079373233584, 0.122125212823, 0.172569633027, 0.229679591272, 0.292292493499, 0.359133721579, 0.428842580863, 0.500000000000, 0.571157419137, 0.640866278421, 0.707707506501, 0.770320408728, 0.827430366973, 0.877874787177, 0.920626766416, 0.954815997677, 0.979746486807, 0.994910720940, 1.000000000000, 0.994910720940, 0.979746486807, 0.954815997677, 0.920626766416, 0.877874787177, 0.827430366973, 0.770320408728, 0.707707506501, 0.640866278421, 0.571157419137, 0.500000000000, 0.428842580863, 0.359133721579, 0.292292493499, 0.229679591272, 0.172569633027, 0.122125212823, 0.079373233584, 0.045184002323, 0.020253513193, 0.005089279060, 0.000000000000, },
	{0.000000000000, 0.005063378298, 0.020150437412, 0.044954048326, 0.078969281049, 0.121503683535, 0.171691378008, 0.228510687738, 0.290804935433, 0.357305989850, 0.426660081297, 0.497455360470, 0.568250639644, 0.637604731090, 0.704105785508, 0.766400033203, 0.823219342933, 0.873407037406, 0.915941439892, 0.949956672615, 0.974760283528, 0.989847342642, 0.994910720940, 0.989847342642, 0.974760283528, 0.949956672615, 0.915941439892, 0.873407037406, 0.823219342933, 0.766400033203, 0.704105785508, 0.637604731090, 0.568250639644, 0.497455360470, 0.426660081297, 0.357305989850, 0.290804935433, 0.228510687738, 0.171691378008, 0.121503683535, 0.078969281049, 0.044954048326, 0.020150437412, 0.005063378298, 0.000000000000, },
	{0.000000000000, 0.004986203279, 0.019843308396, 0.044268867536, 0.077765646751, 0.119651748214, 0.169074491688, 0.225027772640, 0.286372543626, 0.351860002011, 0.420157011994, 0.489873243404, 0.559589474813, 0.627886484796, 0.693373943181, 0.754718714167, 0.810671995119, 0.860094738593, 0.901980840056, 0.935477619272, 0.959903178411, 0.974760283528, 0.979746486807, 0.974760283528, 0.959903178411, 0.935477619272, 0.901980840056, 0.860094738593, 0.810671995119, 0.754718714167, 0.693373943181, 0.627886484796, 0.559589474813, 0.489873243404, 0.420157011994, 0.351860002011, 0.286372543626, 0.225027772640, 0.169074491688, 0.119651748214, 0.077765646751, 0.044268867536, 0.019843308396, 0.004986203279, 0.000000000000, },
	{0.000000000000, 0.004859325063, 0.019338378406, 0.043142408257, 0.075786833214, 0.116607106923, 0.164772246328, 0.219301748087, 0.279085548794, 0.342906622669, 0.409465756694, 0.477407998839, 0.545350240984, 0.611909375008, 0.675730448883, 0.735514249591, 0.790043751349, 0.838208890754, 0.879029164463, 0.911673589420, 0.935477619272, 0.949956672615, 0.954815997677, 0.949956672615, 0.935477619272, 0.911673589420, 0.879029164463, 0.838208890754, 0.790043751349, 0.735514249591, 0.675730448883, 0.611909375008, 0.545350240984, 0.477407998839, 0.409465756694, 0.342906622669, 0.279085548794, 0.219301748087, 0.164772246328, 0.116607106923, 0.075786833214, 0.043142408257, 0.019338378406, 0.004859325063, 0.000000000000, },
	{0.000000000000, 0.004685326524, 0.018645926359, 0.041597601952, 0.073073123375, 0.112431739779, 0.158872223236, 0.211449179425, 0.269092293138, 0.330628116808, 0.394803958522, 0.460313383208, 0.525822807894, 0.589998649607, 0.651534473278, 0.709177586991, 0.761754543180, 0.808195026637, 0.847553643041, 0.879029164463, 0.901980840056, 0.915941439892, 0.920626766416, 0.915941439892, 0.901980840056, 0.879029164463, 0.847553643041, 0.808195026637, 0.761754543180, 0.709177586991, 0.651534473278, 0.589998649607, 0.525822807894, 0.460313383208, 0.394803958522, 0.330628116808, 0.269092293138, 0.211449179425, 0.158872223236, 0.112431739779, 0.073073123375, 0.041597601952, 0.018645926359, 0.004685326524, 0.000000000000, },
	{0.000000000000, 0.004467749771, 0.017780048584, 0.039665896423, 0.069679760540, 0.107210645216, 0.151494529867, 0.201629922307, 0.256596210524, 0.315274439400, 0.376470089408, 0.438937393589, 0.501404697769, 0.562600347778, 0.621278576653, 0.676244864870, 0.726380257310, 0.770664141961, 0.808195026637, 0.838208890754, 0.860094738593, 0.873407037406, 0.877874787177, 0.873407037406, 0.860094738593, 0.838208890754, 0.808195026637, 0.770664141961, 0.726380257310, 0.676244864870, 0.621278576653, 0.562600347778, 0.501404697769, 0.438937393589, 0.376470089408, 0.315274439400, 0.256596210524, 0.201629922307, 0.151494529867, 0.107210645216, 0.069679760540, 0.039665896423, 0.017780048584, 0.004467749771, 0.000000000000, },
	{0.000000000000, 0.004211024040, 0.016758371854, 0.037386615623, 0.065675823793, 0.101050109663, 0.142789354784, 0.190043868492, 0.241851685159, 0.297158147039, 0.354837374057, 0.413715183486, 0.472592992915, 0.530272219934, 0.585578681813, 0.637386498480, 0.684641012188, 0.726380257310, 0.761754543180, 0.790043751349, 0.810671995119, 0.823219342933, 0.827430366973, 0.823219342933, 0.810671995119, 0.790043751349, 0.761754543180, 0.726380257310, 0.684641012188, 0.637386498480, 0.585578681813, 0.530272219934, 0.472592992915, 0.413715183486, 0.354837374057, 0.297158147039, 0.241851685159, 0.190043868492, 0.142789354784, 0.101050109663, 0.065675823793, 0.037386615623, 0.016758371854, 0.004211024040, 0.000000000000, },
	{0.000000000000, 0.003920375525, 0.015601694561, 0.034806159137, 0.061142821737, 0.094075543858, 0.132933910248, 0.176926876625, 0.225158873060, 0.276648035195, 0.330346192171, 0.385160204364, 0.439974216557, 0.493672373533, 0.545161535668, 0.593393532103, 0.637386498480, 0.676244864870, 0.709177586991, 0.735514249591, 0.754718714167, 0.766400033203, 0.770320408728, 0.766400033203, 0.754718714167, 0.735514249591, 0.709177586991, 0.676244864870, 0.637386498480, 0.593393532103, 0.545161535668, 0.493672373533, 0.439974216557, 0.385160204364, 0.330346192171, 0.276648035195, 0.225158873060, 0.176926876625, 0.132933910248, 0.094075543858, 0.061142821737, 0.034806159137, 0.015601694561, 0.003920375525, 0.000000000000, },
	{0.000000000000, 0.003601720993, 0.014333563320, 0.031977057618, 0.056173033223, 0.086428929848, 0.122128824688, 0.162545970833, 0.206857591743, 0.254161630599, 0.303495113584, 0.353853753250, 0.404212392917, 0.453545875902, 0.500849914758, 0.545161535668, 0.585578681813, 0.621278576653, 0.651534473278, 0.675730448883, 0.693373943181, 0.704105785508, 0.707707506501, 0.704105785508, 0.693373943181, 0.675730448883, 0.651534473278, 0.621278576653, 0.585578681813, 0.545161535668, 0.500849914758, 0.453545875902, 0.404212392917, 0.353853753250, 0.303495113584, 0.254161630599, 0.206857591743, 0.162545970833, 0.122128824688, 0.086428929848, 0.056173033223, 0.031977057618, 0.014333563320, 0.003601720993, 0.000000000000, },
	{0.000000000000, 0.003261547331, 0.012979793625, 0.028956903413, 0.050867628813, 0.078265930643, 0.110594058487, 0.147193904888, 0.187320402519, 0.230156691604, 0.274830748826, 0.320433139210, 0.366035529594, 0.410709586817, 0.453545875902, 0.493672373533, 0.530272219934, 0.562600347778, 0.589998649607, 0.611909375008, 0.627886484796, 0.637604731090, 0.640866278421, 0.637604731090, 0.627886484796, 0.611909375008, 0.589998649607, 0.562600347778, 0.530272219934, 0.493672373533, 0.453545875902, 0.410709586817, 0.366035529594, 0.320433139210, 0.274830748826, 0.230156691604, 0.187320402519, 0.147193904888, 0.110594058487, 0.078265930643, 0.050867628813, 0.028956903413, 0.012979793625, 0.003261547331, 0.000000000000, },
	{0.000000000000, 0.002906779493, 0.011567944324, 0.025807178153, 0.045334611243, 0.069752721367, 0.098564426221, 0.131183202579, 0.166945026220, 0.205121889542, 0.244936621702, 0.285578709568, 0.326220797435, 0.366035529594, 0.404212392917, 0.439974216557, 0.472592992915, 0.501404697769, 0.525822807894, 0.545350240984, 0.559589474813, 0.568250639644, 0.571157419137, 0.568250639644, 0.559589474813, 0.545350240984, 0.525822807894, 0.501404697769, 0.472592992915, 0.439974216557, 0.404212392917, 0.366035529594, 0.326220797435, 0.285578709568, 0.244936621702, 0.205121889542, 0.166945026220, 0.131183202579, 0.098564426221, 0.069752721367, 0.045334611243, 0.025807178153, 0.011567944324, 0.002906779493, 0.000000000000, },
	{0.000000000000, 0.002544639530, 0.010126756596, 0.022592001161, 0.039686616792, 0.061062606411, 0.086284816514, 0.114839795636, 0.146146246750, 0.179566860790, 0.214421290432, 0.250000000000, 0.285578709568, 0.320433139210, 0.353853753250, 0.385160204364, 0.413715183486, 0.438937393589, 0.460313383208, 0.477407998839, 0.489873243404, 0.497455360470, 0.500000000000, 0.497455360470, 0.489873243404, 0.477407998839, 0.460313383208, 0.438937393589, 0.413715183486, 0.385160204364, 0.353853753250, 0.320433139210, 0.285578709568, 0.250000000000, 0.214421290432, 0.179566860790, 0.146146246750, 0.114839795636, 0.086284816514, 0.061062606411, 0.039686616792, 0.022592001161, 0.010126756596, 0.002544639530, 0.000000000000, },
	{0.000000000000, 0.002182499567, 0.008685568869, 0.019376824170, 0.034038622342, 0.052372491455, 0.074005206806, 0.098496388693, 0.125347467279, 0.154011832037, 0.183905959162, 0.214421290432, 0.244936621702, 0.274830748826, 0.303495113584, 0.330346192171, 0.354837374057, 0.376470089408, 0.394803958522, 0.409465756694, 0.420157011994, 0.426660081297, 0.428842580863, 0.426660081297, 0.420157011994, 0.409465756694, 0.394803958522, 0.376470089408, 0.354837374057, 0.330346192171, 0.303495113584, 0.274830748826, 0.244936621702, 0.214421290432, 0.183905959162, 0.154011832037, 0.125347467279, 0.098496388693, 0.074005206806, 0.052372491455, 0.034038622342, 0.019376824170, 0.008685568869, 0.002182499567, 0.000000000000, },
	{0.000000000000, 0.001827731729, 0.007273719568, 0.016227098910, 0.028505604771, 0.043859282180, 0.061975574541, 0.082485686384, 0.104972090980, 0.128977029975, 0.154011832037, 0.179566860790, 0.205121889542, 0.230156691604, 0.254161630599, 0.276648035195, 0.297158147039, 0.315274439400, 0.330628116808, 0.342906622669, 0.351860002011, 0.357305989850, 0.359133721579, 0.357305989850, 0.351860002011, 0.342906622669, 0.330628116808, 0.315274439400, 0.297158147039, 0.276648035195, 0.254161630599, 0.230156691604, 0.205121889542, 0.179566860790, 0.154011832037, 0.128977029975, 0.104972090980, 0.082485686384, 0.061975574541, 0.043859282180, 0.028505604771, 0.016227098910, 0.007273719568, 0.001827731729, 0.000000000000, },
	{0.000000000000, 0.001487558066, 0.005919949873, 0.013206944705, 0.023200200361, 0.035696282975, 0.050440808340, 0.067133620439, 0.085434901756, 0.104972090980, 0.125347467279, 0.146146246750, 0.166945026220, 0.187320402519, 0.206857591743, 0.225158873060, 0.241851685159, 0.256596210524, 0.269092293138, 0.279085548794, 0.286372543626, 0.290804935433, 0.292292493499, 0.290804935433, 0.286372543626, 0.279085548794, 0.269092293138, 0.256596210524, 0.241851685159, 0.225158873060, 0.206857591743, 0.187320402519, 0.166945026220, 0.146146246750, 0.125347467279, 0.104972090980, 0.085434901756, 0.067133620439, 0.050440808340, 0.035696282975, 0.023200200361, 0.013206944705, 0.005919949873, 0.001487558066, 0.000000000000, },
	{0.000000000000, 0.001168903534, 0.004651818632, 0.010377843186, 0.018230411848, 0.028049668965, 0.039635722780, 0.052752714647, 0.067133620439, 0.082485686384, 0.098496388693, 0.114839795636, 0.131183202579, 0.147193904888, 0.162545970833, 0.176926876625, 0.190043868492, 0.201629922307, 0.211449179425, 0.219301748087, 0.225027772640, 0.228510687738, 0.229679591272, 0.228510687738, 0.225027772640, 0.219301748087, 0.211449179425, 0.201629922307, 0.190043868492, 0.176926876625, 0.162545970833, 0.147193904888, 0.131183202579, 0.114839795636, 0.098496388693, 0.082485686384, 0.067133620439, 0.052752714647, 0.039635722780, 0.028049668965, 0.018230411848, 0.010377843186, 0.004651818632, 0.001168903534, 0.000000000000, },
	{0.000000000000, 0.000878255020, 0.003495141339, 0.007797386700, 0.013697409792, 0.021075103160, 0.029780278243, 0.039635722780, 0.050440808340, 0.061975574541, 0.074005206806, 0.086284816514, 0.098564426221, 0.110594058487, 0.122128824688, 0.132933910248, 0.142789354784, 0.151494529867, 0.158872223236, 0.164772246328, 0.169074491688, 0.171691378008, 0.172569633027, 0.171691378008, 0.169074491688, 0.164772246328, 0.158872223236, 0.151494529867, 0.142789354784, 0.132933910248, 0.122128824688, 0.110594058487, 0.098564426221, 0.086284816514, 0.074005206806, 0.061975574541, 0.050440808340, 0.039635722780, 0.029780278243, 0.021075103160, 0.013697409792, 0.007797386700, 0.003495141339, 0.000878255020, 0.000000000000, },
	{0.000000000000, 0.000621529288, 0.002473464609, 0.005518105900, 0.009693473044, 0.014914567607, 0.021075103160, 0.028049668965, 0.035696282975, 0.043859282180, 0.052372491455, 0.061062606411, 0.069752721367, 0.078265930643, 0.086428929848, 0.094075543858, 0.101050109663, 0.107210645216, 0.112431739779, 0.116607106923, 0.119651748214, 0.121503683535, 0.122125212823, 0.121503683535, 0.119651748214, 0.116607106923, 0.112431739779, 0.107210645216, 0.101050109663, 0.094075543858, 0.086428929848, 0.078265930643, 0.069752721367, 0.061062606411, 0.052372491455, 0.043859282180, 0.035696282975, 0.028049668965, 0.021075103160, 0.014914567607, 0.009693473044, 0.005518105900, 0.002473464609, 0.000621529288, 0.000000000000, },
	{0.000000000000, 0.000403952536, 0.001607586834, 0.003586400371, 0.006300110210, 0.009693473044, 0.013697409792, 0.018230411848, 0.023200200361, 0.028505604771, 0.034038622342, 0.039686616792, 0.045334611243, 0.050867628813, 0.056173033223, 0.061142821737, 0.065675823793, 0.069679760540, 0.073073123375, 0.075786833214, 0.077765646751, 0.078969281049, 0.079373233584, 0.078969281049, 0.077765646751, 0.075786833214, 0.073073123375, 0.069679760540, 0.065675823793, 0.061142821737, 0.056173033223, 0.050867628813, 0.045334611243, 0.039686616792, 0.034038622342, 0.028505604771, 0.023200200361, 0.018230411848, 0.013697409792, 0.009693473044, 0.006300110210, 0.003586400371, 0.001607586834, 0.000403952536, 0.000000000000, },
	{0.000000000000, 0.000229953997, 0.000915134787, 0.002041594066, 0.003586400371, 0.005518105900, 0.007797386700, 0.010377843186, 0.013206944705, 0.016227098910, 0.019376824170, 0.022592001161, 0.025807178153, 0.028956903413, 0.031977057618, 0.034806159137, 0.037386615623, 0.039665896423, 0.041597601952, 0.043142408257, 0.044268867536, 0.044954048326, 0.045184002323, 0.044954048326, 0.044268867536, 0.043142408257, 0.041597601952, 0.039665896423, 0.037386615623, 0.034806159137, 0.031977057618, 0.028956903413, 0.025807178153, 0.022592001161, 0.019376824170, 0.016227098910, 0.013206944705, 0.010377843186, 0.007797386700, 0.005518105900, 0.003586400371, 0.002041594066, 0.000915134787, 0.000229953997, 0.000000000000, },
	{0.000000000000, 0.000103075781, 0.000410204797, 0.000915134787, 0.001607586834, 0.002473464609, 0.003495141339, 0.004651818632, 0.005919949873, 0.007273719568, 0.008685568869, 0.010126756596, 0.011567944324, 0.012979793625, 0.014333563320, 0.015601694561, 0.016758371854, 0.017780048584, 0.018645926359, 0.019338378406, 0.019843308396, 0.020150437412, 0.020253513193, 0.020150437412, 0.019843308396, 0.019338378406, 0.018645926359, 0.017780048584, 0.016758371854, 0.015601694561, 0.014333563320, 0.012979793625, 0.011567944324, 0.010126756596, 0.008685568869, 0.007273719568, 0.005919949873, 0.004651818632, 0.003495141339, 0.002473464609, 0.001607586834, 0.000915134787, 0.000410204797, 0.000103075781, 0.000000000000, },
	{0.000000000000, 0.000025900761, 0.000103075781, 0.000229953997, 0.000403952536, 0.000621529288, 0.000878255020, 0.001168903534, 0.001487558066, 0.001827731729, 0.002182499567, 0.002544639530, 0.002906779493, 0.003261547331, 0.003601720993, 0.003920375525, 0.004211024040, 0.004467749771, 0.004685326524, 0.004859325063, 0.004986203279, 0.005063378298, 0.005089279060, 0.005063378298, 0.004986203279, 0.004859325063, 0.004685326524, 0.004467749771, 0.004211024040, 0.003920375525, 0.003601720993, 0.003261547331, 0.002906779493, 0.002544639530, 0.002182499567, 0.001827731729, 0.001487558066, 0.001168903534, 0.000878255020, 0.000621529288, 0.000403952536, 0.000229953997, 0.000103075781, 0.000025900761, 0.000000000000, },
	{0.000000000000, 0.000000000000, 0.000000000000, 0.000000000000, 0.000000000000, 0.000000000000, 0.000000000000, 0.000000000000, 0.000000000000, 0.000000000000, 0.000000000000, 0.000000000000, 0.000000000000, 0.000000000000, 0.000000000000, 0.000000000000, 0.000000000000, 0.000000000000, 0.000000000000, 0.000000000000, 0.000000000000, 0.000000000000, 0.000000000000, 0.000000000000, 0.000000000000, 0.000000000000, 0.000000000000, 0.000000000000, 0.000000000000, 0.000000000000, 0.000000000000, 0.000000000000, 0.000000000000, 0.000000000000, 0.000000000000, 0.000000000000, 0.000000000000, 0.000000000000, 0.000000000000, 0.000000000000, 0.000000000000, 0.000000000000, 0.000000000000, 0.000000000000, 0.000000000000, }
};
constexpr const float *kHann45x45Raw = &kHann45x45[0][0];

}  // namespace Mosse
