namespace Mosse {
constexpr const unsigned kHann75x75Height = 75;  // Number of rows
constexpr const unsigned kHann75x75Width = 75;  // Number of columns
constexpr const float kHann75x75[kHann75x75Height][kHann75x75Width] = {
	{0.000000000000, 0.000000000000, 0.000000000000, 0.000000000000, 0.000000000000, 0.000000000000, 0.000000000000, 0.000000000000, 0.000000000000, 0.000000000000, 0.000000000000, 0.000000000000, 0.000000000000, 0.000000000000, 0.000000000000, 0.000000000000, 0.000000000000, 0.000000000000, 0.000000000000, 0.000000000000, 0.000000000000, 0.000000000000, 0.000000000000, 0.000000000000, 0.000000000000, 0.000000000000, 0.000000000000, 0.000000000000, 0.000000000000, 0.000000000000, 0.000000000000, 0.000000000000, 0.000000000000, 0.000000000000, 0.000000000000, 0.000000000000, 0.000000000000, 0.000000000000, 0.000000000000, 0.000000000000, 0.000000000000, 0.000000000000, 0.000000000000, 0.000000000000, 0.000000000000, 0.000000000000, 0.000000000000, 0.000000000000, 0.000000000000, 0.000000000000, 0.000000000000, 0.000000000000, 0.000000000000, 0.000000000000, 0.000000000000, 0.000000000000, 0.000000000000, 0.000000000000, 0.000000000000, 0.000000000000, 0.000000000000, 0.000000000000, 0.000000000000, 0.000000000000, 0.000000000000, 0.000000000000, 0.000000000000, 0.000000000000, 0.000000000000, 0.000000000000, 0.000000000000, 0.000000000000, 0.000000000000, 0.000000000000, 0.000000000000, },
	{0.000000000000, 0.000003244522, 0.000012954712, 0.000029060607, 0.000051446164, 0.000079950095, 0.000114367028, 0.000154448988, 0.000199907185, 0.000250414089, 0.000305605799, 0.000365084657, 0.000428422115, 0.000495161827, 0.000564822931, 0.000636903517, 0.000710884243, 0.000786232077, 0.000862404134, 0.000938851595, 0.001015023652, 0.001090371485, 0.001164352212, 0.001236432798, 0.001306093902, 0.001372833613, 0.001436171072, 0.001495649930, 0.001550841639, 0.001601348544, 0.001646806740, 0.001686888701, 0.001721305634, 0.001749809564, 0.001772195122, 0.001788301017, 0.001798011207, 0.001801255729, 0.001798011207, 0.001788301017, 0.001772195122, 0.001749809564, 0.001721305634, 0.001686888701, 0.001646806740, 0.001601348544, 0.001550841639, 0.001495649930, 0.001436171072, 0.001372833613, 0.001306093902, 0.001236432798, 0.001164352212, 0.001090371485, 0.001015023652, 0.000938851595, 0.000862404134, 0.000786232077, 0.000710884243, 0.000636903517, 0.000564822931, 0.000495161827, 0.000428422115, 0.000365084657, 0.000305605799, 0.000250414089, 0.000199907185, 0.000154448988, 0.000114367028, 0.000079950095, 0.000051446164, 0.000029060607, 0.000012954712, 0.000003244522, 0.000000000000, },
	{0.000000000000, 0.000012954712, 0.000051725509, 0.000116033046, 0.000205413986, 0.000319224338, 0.000456644095, 0.000616683145, 0.000798188402, 0.000999852118, 0.001220221300, 0.001457708184, 0.001710601670, 0.001977079656, 0.002255222162, 0.002543025165, 0.002838415036, 0.003139263486, 0.003443402895, 0.003748641931, 0.004052781340, 0.004353629790, 0.004649019662, 0.004936822664, 0.005214965170, 0.005481443156, 0.005734336643, 0.005971823526, 0.006192192708, 0.006393856424, 0.006575361681, 0.006735400731, 0.006872820488, 0.006986630840, 0.007076011780, 0.007140319317, 0.007179090114, 0.007192044826, 0.007179090114, 0.007140319317, 0.007076011780, 0.006986630840, 0.006872820488, 0.006735400731, 0.006575361681, 0.006393856424, 0.006192192708, 0.005971823526, 0.005734336643, 0.005481443156, 0.005214965170, 0.004936822664, 0.004649019662, 0.004353629790, 0.004052781340, 0.003748641931, 0.003443402895, 0.003139263486, 0.002838415036, 0.002543025165, 0.002255222162, 0.001977079656, 0.001710601670, 0.001457708184, 0.001220221300, 0.000999852118, 0.000798188402, 0.000616683145, 0.000456644095, 0.000319224338, 0.000205413986, 0.000116033046, 0.000051725509, 0.000012954712, 0.000000000000, },
	{0.000000000000, 0.000029060607, 0.000116033046, 0.000260290678, 0.000460794125, 0.000716098753, 0.001024365087, 0.001383372062, 0.001790533024, 0.002242914368, 0.002737256677, 0.003269998203, 0.003837300531, 0.004435076235, 0.005059018328, 0.005704631292, 0.006367263470, 0.007042140584, 0.007724400128, 0.008409126406, 0.009091385949, 0.009766263063, 0.010428895242, 0.011074508205, 0.011698450298, 0.012296226002, 0.012863528330, 0.013396269856, 0.013890612165, 0.014342993510, 0.014750154471, 0.015109161446, 0.015417427780, 0.015672732409, 0.015873235855, 0.016017493487, 0.016104465926, 0.016133526533, 0.016104465926, 0.016017493487, 0.015873235855, 0.015672732409, 0.015417427780, 0.015109161446, 0.014750154471, 0.014342993510, 0.013890612165, 0.013396269856, 0.012863528330, 0.012296226002, 0.011698450298, 0.011074508205, 0.010428895242, 0.009766263063, 0.009091385949, 0.008409126406, 0.007724400128, 0.007042140584, 0.006367263470, 0.005704631292, 0.005059018328, 0.004435076235, 0.003837300531, 0.003269998203, 0.002737256677, 0.002242914368, 0.001790533024, 0.001383372062, 0.001024365087, 0.000716098753, 0.000460794125, 0.000260290678, 0.000116033046, 0.000029060607, 0.000000000000, },
	{0.000000000000, 0.000051446164, 0.000205413986, 0.000460794125, 0.000815746559, 0.001267713850, 0.001813439562, 0.002448991728, 0.003169791182, 0.003970644547, 0.004845781655, 0.005788897124, 0.006793195785, 0.007851441643, 0.008956010013, 0.010098942454, 0.011272004112, 0.012466743051, 0.013674551149, 0.014886726121, 0.016094534219, 0.017289273157, 0.018462334815, 0.019605267257, 0.020709835626, 0.021768081485, 0.022772380146, 0.023715495615, 0.024590632723, 0.025391486087, 0.026112285541, 0.026747837708, 0.027293563420, 0.027745530710, 0.028100483145, 0.028355863283, 0.028509831105, 0.028561277269, 0.028509831105, 0.028355863283, 0.028100483145, 0.027745530710, 0.027293563420, 0.026747837708, 0.026112285541, 0.025391486087, 0.024590632723, 0.023715495615, 0.022772380146, 0.021768081485, 0.020709835626, 0.019605267257, 0.018462334815, 0.017289273157, 0.016094534219, 0.014886726121, 0.013674551149, 0.012466743051, 0.011272004112, 0.010098942454, 0.008956010013, 0.007851441643, 0.006793195785, 0.005788897124, 0.004845781655, 0.003970644547, 0.003169791182, 0.002448991728, 0.001813439562, 0.001267713850, 0.000815746559, 0.000460794125, 0.000205413986, 0.000051446164, 0.000000000000, },
	{0.000000000000, 0.000079950095, 0.000319224338, 0.000716098753, 0.001267713850, 0.001970095230, 0.002818182219, 0.003805864330, 0.004926025292, 0.006170594320, 0.007530604264, 0.008996256222, 0.010556990137, 0.012201560888, 0.013918119303, 0.015694297539, 0.017517298193, 0.019373986501, 0.021250984984, 0.023134769822, 0.025011768305, 0.026868456613, 0.028691457267, 0.030467635503, 0.032184193918, 0.033828764668, 0.035389498584, 0.036855150542, 0.038215160486, 0.039459729514, 0.040579890476, 0.041567572587, 0.042415659576, 0.043118040956, 0.043669656053, 0.044066530468, 0.044305804711, 0.044385754806, 0.044305804711, 0.044066530468, 0.043669656053, 0.043118040956, 0.042415659576, 0.041567572587, 0.040579890476, 0.039459729514, 0.038215160486, 0.036855150542, 0.035389498584, 0.033828764668, 0.032184193918, 0.030467635503, 0.028691457267, 0.026868456613, 0.025011768305, 0.023134769822, 0.021250984984, 0.019373986501, 0.017517298193, 0.015694297539, 0.013918119303, 0.012201560888, 0.010556990137, 0.008996256222, 0.007530604264, 0.006170594320, 0.004926025292, 0.003805864330, 0.002818182219, 0.001970095230, 0.001267713850, 0.000716098753, 0.000319224338, 0.000079950095, 0.000000000000, },
	{0.000000000000, 0.000114367028, 0.000456644095, 0.001024365087, 0.001813439562, 0.002818182219, 0.004031353864, 0.005444213569, 0.007046581646, 0.008826912997, 0.010772380294, 0.012868966401, 0.015101565365, 0.017454091261, 0.019909594086, 0.022450381885, 0.025058148225, 0.027714104088, 0.030399113253, 0.033093830166, 0.035778839331, 0.038434795194, 0.041042561534, 0.043583349333, 0.046038852158, 0.048391378054, 0.050623977019, 0.052720563125, 0.054666030422, 0.056446361773, 0.058048729851, 0.059461589555, 0.060674761201, 0.061679503858, 0.062468578332, 0.063036299324, 0.063378576391, 0.063492943419, 0.063378576391, 0.063036299324, 0.062468578332, 0.061679503858, 0.060674761201, 0.059461589555, 0.058048729851, 0.056446361773, 0.054666030422, 0.052720563125, 0.050623977019, 0.048391378054, 0.046038852158, 0.043583349333, 0.041042561534, 0.038434795194, 0.035778839331, 0.033093830166, 0.030399113253, 0.027714104088, 0.025058148225, 0.022450381885, 0.019909594086, 0.017454091261, 0.015101565365, 0.012868966401, 0.010772380294, 0.008826912997, 0.007046581646, 0.005444213569, 0.004031353864, 0.002818182219, 0.001813439562, 0.001024365087, 0.000456644095, 0.000114367028, 0.000000000000, },
	{0.000000000000, 0.000154448988, 0.000616683145, 0.001383372062, 0.002448991728, 0.003805864330, 0.005444213569, 0.007352235101, 0.009516181587, 0.011920461743, 0.014547752677, 0.017379124695, 0.020394177699, 0.023571188161, 0.026887265650, 0.030318517750, 0.033840222212, 0.037427005074, 0.041053023483, 0.044692151895, 0.048318170304, 0.051904953166, 0.055426657628, 0.058857909728, 0.062173987217, 0.065350997679, 0.068366050683, 0.071197422702, 0.073824713635, 0.076228993791, 0.078392940277, 0.080300961809, 0.081939311048, 0.083296183650, 0.084361803316, 0.085128492233, 0.085590726390, 0.085745175378, 0.085590726390, 0.085128492233, 0.084361803316, 0.083296183650, 0.081939311048, 0.080300961809, 0.078392940277, 0.076228993791, 0.073824713635, 0.071197422702, 0.068366050683, 0.065350997679, 0.062173987217, 0.058857909728, 0.055426657628, 0.051904953166, 0.048318170304, 0.044692151895, 0.041053023483, 0.037427005074, 0.033840222212, 0.030318517750, 0.026887265650, 0.023571188161, 0.020394177699, 0.017379124695, 0.014547752677, 0.011920461743, 0.009516181587, 0.007352235101, 0.005444213569, 0.003805864330, 0.002448991728, 0.001383372062, 0.000616683145, 0.000154448988, 0.000000000000, },
	{0.000000000000, 0.000199907185, 0.000798188402, 0.001790533024, 0.003169791182, 0.004926025292, 0.007046581646, 0.009516181587, 0.012317031590, 0.015428951468, 0.018829519766, 0.022494235311, 0.026396693745, 0.030508777765, 0.034800859711, 0.039242015034, 0.043800245109, 0.048442707783, 0.053135954007, 0.057846168834, 0.062539415057, 0.067181877732, 0.071740107807, 0.076181263130, 0.080473345076, 0.084585429095, 0.088487887529, 0.092152603075, 0.095553171373, 0.098665091251, 0.101465941254, 0.103935541195, 0.106056097549, 0.107812331658, 0.109191589817, 0.110183934438, 0.110782215656, 0.110982122841, 0.110782215656, 0.110183934438, 0.109191589817, 0.107812331658, 0.106056097549, 0.103935541195, 0.101465941254, 0.098665091251, 0.095553171373, 0.092152603075, 0.088487887529, 0.084585429095, 0.080473345076, 0.076181263130, 0.071740107807, 0.067181877732, 0.062539415057, 0.057846168834, 0.053135954007, 0.048442707783, 0.043800245109, 0.039242015034, 0.034800859711, 0.030508777765, 0.026396693745, 0.022494235311, 0.018829519766, 0.015428951468, 0.012317031590, 0.009516181587, 0.007046581646, 0.004926025292, 0.003169791182, 0.001790533024, 0.000798188402, 0.000199907185, 0.000000000000, },
	{0.000000000000, 0.000250414089, 0.000999852118, 0.002242914368, 0.003970644547, 0.006170594320, 0.008826912997, 0.011920461743, 0.015428951468, 0.019327103422, 0.023586831332, 0.028177443760, 0.033065865239, 0.038216874580, 0.043593358642, 0.049156579735, 0.054866454723, 0.060681843826, 0.066560847033, 0.072461105990, 0.078340109196, 0.084155498299, 0.089865373288, 0.095428594380, 0.100805078443, 0.105956087783, 0.110844509262, 0.115435121691, 0.119694849600, 0.123593001555, 0.127101491279, 0.130195040025, 0.132851358703, 0.135051308476, 0.136779038655, 0.138022100905, 0.138771538933, 0.139021953023, 0.138771538933, 0.138022100905, 0.136779038655, 0.135051308476, 0.132851358703, 0.130195040025, 0.127101491279, 0.123593001555, 0.119694849600, 0.115435121691, 0.110844509262, 0.105956087783, 0.100805078443, 0.095428594380, 0.089865373288, 0.084155498299, 0.078340109196, 0.072461105990, 0.066560847033, 0.060681843826, 0.054866454723, 0.049156579735, 0.043593358642, 0.038216874580, 0.033065865239, 0.028177443760, 0.023586831332, 0.019327103422, 0.015428951468, 0.011920461743, 0.008826912997, 0.006170594320, 0.003970644547, 0.002242914368, 0.000999852118, 0.000250414089, 0.000000000000, },
	{0.000000000000, 0.000305605799, 0.001220221300, 0.002737256677, 0.004845781655, 0.007530604264, 0.010772380294, 0.014547752677, 0.018829519766, 0.023586831332, 0.028785410837, 0.034387802395, 0.040353640647, 0.046639941592, 0.053201412288, 0.059990777187, 0.066959118761, 0.074056229947, 0.081230975899, 0.088431662406, 0.095606408357, 0.102703519544, 0.109671861118, 0.116461226017, 0.123022696713, 0.129308997658, 0.135274835910, 0.140877227468, 0.146075806973, 0.150833118539, 0.155114885628, 0.158890258011, 0.162132034041, 0.164816856650, 0.166925381628, 0.168442417005, 0.169357032506, 0.169662638305, 0.169357032506, 0.168442417005, 0.166925381628, 0.164816856650, 0.162132034041, 0.158890258011, 0.155114885628, 0.150833118539, 0.146075806973, 0.140877227468, 0.135274835910, 0.129308997658, 0.123022696713, 0.116461226017, 0.109671861118, 0.102703519544, 0.095606408357, 0.088431662406, 0.081230975899, 0.074056229947, 0.066959118761, 0.059990777187, 0.053201412288, 0.046639941592, 0.040353640647, 0.034387802395, 0.028785410837, 0.023586831332, 0.018829519766, 0.014547752677, 0.010772380294, 0.007530604264, 0.004845781655, 0.002737256677, 0.001220221300, 0.000305605799, 0.000000000000, },
	{0.000000000000, 0.000365084657, 0.001457708184, 0.003269998203, 0.005788897124, 0.008996256222, 0.012868966401, 0.017379124695, 0.022494235311, 0.028177443760, 0.034387802395, 0.041080565438, 0.048207511380, 0.055717290411, 0.063555794401, 0.071666546749, 0.079991109300, 0.088469503388, 0.097040641991, 0.105642769857, 0.114213908460, 0.122692302548, 0.131016865098, 0.139127617447, 0.146966121437, 0.154475900468, 0.161602846410, 0.168295609453, 0.174505968087, 0.180189176536, 0.185304287153, 0.189814445447, 0.193687155626, 0.196894514724, 0.199413413645, 0.201225703664, 0.202318327191, 0.202683411848, 0.202318327191, 0.201225703664, 0.199413413645, 0.196894514724, 0.193687155626, 0.189814445447, 0.185304287153, 0.180189176536, 0.174505968087, 0.168295609453, 0.161602846410, 0.154475900468, 0.146966121437, 0.139127617447, 0.131016865098, 0.122692302548, 0.114213908460, 0.105642769857, 0.097040641991, 0.088469503388, 0.079991109300, 0.071666546749, 0.063555794401, 0.055717290411, 0.048207511380, 0.041080565438, 0.034387802395, 0.028177443760, 0.022494235311, 0.017379124695, 0.012868966401, 0.008996256222, 0.005788897124, 0.003269998203, 0.001457708184, 0.000365084657, 0.000000000000, },
	{0.000000000000, 0.000428422115, 0.001710601670, 0.003837300531, 0.006793195785, 0.010556990137, 0.015101565365, 0.020394177699, 0.026396693745, 0.033065865239, 0.040353640647, 0.048207511380, 0.056570890119, 0.065383518529, 0.074581901421, 0.084099764234, 0.093868530550, 0.103817816183, 0.113875936301, 0.123970421920, 0.134028542039, 0.143977827671, 0.153746593987, 0.163264456800, 0.172462839692, 0.181275468102, 0.189638846841, 0.197492717574, 0.204780492982, 0.211449664476, 0.217452180523, 0.222744792856, 0.227289368084, 0.231053162437, 0.234009057690, 0.236135756551, 0.237417936106, 0.237846358221, 0.237417936106, 0.236135756551, 0.234009057690, 0.231053162437, 0.227289368084, 0.222744792856, 0.217452180523, 0.211449664476, 0.204780492982, 0.197492717574, 0.189638846841, 0.181275468102, 0.172462839692, 0.163264456800, 0.153746593987, 0.143977827671, 0.134028542039, 0.123970421920, 0.113875936301, 0.103817816183, 0.093868530550, 0.084099764234, 0.074581901421, 0.065383518529, 0.056570890119, 0.048207511380, 0.040353640647, 0.033065865239, 0.026396693745, 0.020394177699, 0.015101565365, 0.010556990137, 0.006793195785, 0.003837300531, 0.001710601670, 0.000428422115, 0.000000000000, },
	{0.000000000000, 0.000495161827, 0.001977079656, 0.004435076235, 0.007851441643, 0.012201560888, 0.017454091261, 0.023571188161, 0.030508777765, 0.038216874580, 0.046639941592, 0.055717290411, 0.065383518529, 0.075568980553, 0.086200289995, 0.097200848026, 0.108491395374, 0.119990583386, 0.131615560150, 0.143282567441, 0.154907544205, 0.166406732218, 0.177697279566, 0.188697837597, 0.199329147038, 0.209514609062, 0.219180837180, 0.228258185999, 0.236681253011, 0.244389349826, 0.251326939430, 0.257444036330, 0.262696566703, 0.267046685948, 0.270463051356, 0.272921047935, 0.274402965764, 0.274898127591, 0.274402965764, 0.272921047935, 0.270463051356, 0.267046685948, 0.262696566703, 0.257444036330, 0.251326939430, 0.244389349826, 0.236681253011, 0.228258185999, 0.219180837180, 0.209514609062, 0.199329147038, 0.188697837597, 0.177697279566, 0.166406732218, 0.154907544205, 0.143282567441, 0.131615560150, 0.119990583386, 0.108491395374, 0.097200848026, 0.086200289995, 0.075568980553, 0.065383518529, 0.055717290411, 0.046639941592, 0.038216874580, 0.030508777765, 0.023571188161, 0.017454091261, 0.012201560888, 0.007851441643, 0.004435076235, 0.001977079656, 0.000495161827, 0.000000000000, },
	{0.000000000000, 0.000564822931, 0.002255222162, 0.005059018328, 0.008956010013, 0.013918119303, 0.019909594086, 0.026887265650, 0.034800859711, 0.043593358642, 0.053201412288, 0.063555794401, 0.074581901421, 0.086200289995, 0.098327249366, 0.110875404514, 0.123754345694, 0.136871279840, 0.150131699140, 0.163440061970, 0.176700481270, 0.189817415416, 0.202696356596, 0.215244511744, 0.227371471115, 0.238989859689, 0.250015966709, 0.260370348822, 0.269978402468, 0.278770901399, 0.286684495460, 0.293662167024, 0.299653641807, 0.304615751097, 0.308512742782, 0.311316538948, 0.313006938179, 0.313571761110, 0.313006938179, 0.311316538948, 0.308512742782, 0.304615751097, 0.299653641807, 0.293662167024, 0.286684495460, 0.278770901399, 0.269978402468, 0.260370348822, 0.250015966709, 0.238989859689, 0.227371471115, 0.215244511744, 0.202696356596, 0.189817415416, 0.176700481270, 0.163440061970, 0.150131699140, 0.136871279840, 0.123754345694, 0.110875404514, 0.098327249366, 0.086200289995, 0.074581901421, 0.063555794401, 0.053201412288, 0.043593358642, 0.034800859711, 0.026887265650, 0.019909594086, 0.013918119303, 0.008956010013, 0.005059018328, 0.002255222162, 0.000564822931, 0.000000000000, },
	{0.000000000000, 0.000636903517, 0.002543025165, 0.005704631292, 0.010098942454, 0.015694297539, 0.022450381885, 0.030318517750, 0.039242015034, 0.049156579735, 0.059990777187, 0.071666546749, 0.084099764234, 0.097200848026, 0.110875404514, 0.125024908206, 0.139547411605, 0.154338279739, 0.169290944066, 0.184297670296, 0.199250334623, 0.214041202757, 0.228563706155, 0.242713209848, 0.256387766336, 0.269488850127, 0.281922067612, 0.293597837175, 0.304432034627, 0.314346599328, 0.323270096612, 0.331138232476, 0.337894316822, 0.343489671908, 0.347883983070, 0.351045589197, 0.352951710844, 0.353588614362, 0.352951710844, 0.351045589197, 0.347883983070, 0.343489671908, 0.337894316822, 0.331138232476, 0.323270096612, 0.314346599328, 0.304432034627, 0.293597837175, 0.281922067612, 0.269488850127, 0.256387766336, 0.242713209848, 0.228563706155, 0.214041202757, 0.199250334623, 0.184297670296, 0.169290944066, 0.154338279739, 0.139547411605, 0.125024908206, 0.110875404514, 0.097200848026, 0.084099764234, 0.071666546749, 0.059990777187, 0.049156579735, 0.039242015034, 0.030318517750, 0.022450381885, 0.015694297539, 0.010098942454, 0.005704631292, 0.002543025165, 0.000636903517, 0.000000000000, },
	{0.000000000000, 0.000710884243, 0.002838415036, 0.006367263470, 0.011272004112, 0.017517298193, 0.025058148225, 0.033840222212, 0.043800245109, 0.054866454723, 0.066959118761, 0.079991109300, 0.093868530550, 0.108491395374, 0.123754345694, 0.139547411605, 0.155756803704, 0.172265732950, 0.188955252129, 0.205705112873, 0.222394632053, 0.238903561299, 0.255112953398, 0.270906019308, 0.286168969629, 0.300791834452, 0.314669255702, 0.327701246241, 0.339793910279, 0.350860119893, 0.360820142790, 0.369602216777, 0.377143066810, 0.383388360890, 0.388293101532, 0.391821949966, 0.393949480759, 0.394660365002, 0.393949480759, 0.391821949966, 0.388293101532, 0.383388360890, 0.377143066810, 0.369602216777, 0.360820142790, 0.350860119893, 0.339793910279, 0.327701246241, 0.314669255702, 0.300791834452, 0.286168969629, 0.270906019308, 0.255112953398, 0.238903561299, 0.222394632053, 0.205705112873, 0.188955252129, 0.172265732950, 0.155756803704, 0.139547411605, 0.123754345694, 0.108491395374, 0.093868530550, 0.079991109300, 0.066959118761, 0.054866454723, 0.043800245109, 0.033840222212, 0.025058148225, 0.017517298193, 0.011272004112, 0.006367263470, 0.002838415036, 0.000710884243, 0.000000000000, },
	{0.000000000000, 0.000786232077, 0.003139263486, 0.007042140584, 0.012466743051, 0.019373986501, 0.027714104088, 0.037427005074, 0.048442707783, 0.060681843826, 0.074056229947, 0.088469503388, 0.103817816183, 0.119990583386, 0.136871279840, 0.154338279739, 0.172265732950, 0.190524471760, 0.208982941539, 0.227508148588, 0.245966618367, 0.264225357177, 0.282152810387, 0.299619810287, 0.316500506741, 0.332673273944, 0.348021586739, 0.362434860179, 0.375809246300, 0.388048382343, 0.399064085053, 0.408776986038, 0.417117103625, 0.424024347076, 0.429448949542, 0.433351826640, 0.435704858050, 0.436491090127, 0.435704858050, 0.433351826640, 0.429448949542, 0.424024347076, 0.417117103625, 0.408776986038, 0.399064085053, 0.388048382343, 0.375809246300, 0.362434860179, 0.348021586739, 0.332673273944, 0.316500506741, 0.299619810287, 0.282152810387, 0.264225357177, 0.245966618367, 0.227508148588, 0.208982941539, 0.190524471760, 0.172265732950, 0.154338279739, 0.136871279840, 0.119990583386, 0.103817816183, 0.088469503388, 0.074056229947, 0.060681843826, 0.048442707783, 0.037427005074, 0.027714104088, 0.019373986501, 0.012466743051, 0.007042140584, 0.003139263486, 0.000786232077, 0.000000000000, },
	{0.000000000000, 0.000862404134, 0.003443402895, 0.007724400128, 0.013674551149, 0.021250984984, 0.030399113253, 0.041053023483, 0.053135954007, 0.066560847033, 0.081230975899, 0.097040641991, 0.113875936301, 0.131615560150, 0.150131699140, 0.169290944066, 0.188955252129, 0.208982941539, 0.229229712334, 0.249549686068, 0.269796456863, 0.289824146273, 0.309488454336, 0.328647699262, 0.347163838252, 0.364903462101, 0.381738756411, 0.397548422503, 0.412218551369, 0.425643444395, 0.437726374919, 0.448380285149, 0.457528413418, 0.465104847253, 0.471054998274, 0.475335995507, 0.477916994268, 0.478779398402, 0.477916994268, 0.475335995507, 0.471054998274, 0.465104847253, 0.457528413418, 0.448380285149, 0.437726374919, 0.425643444395, 0.412218551369, 0.397548422503, 0.381738756411, 0.364903462101, 0.347163838252, 0.328647699262, 0.309488454336, 0.289824146273, 0.269796456863, 0.249549686068, 0.229229712334, 0.208982941539, 0.188955252129, 0.169290944066, 0.150131699140, 0.131615560150, 0.113875936301, 0.097040641991, 0.081230975899, 0.066560847033, 0.053135954007, 0.041053023483, 0.030399113253, 0.021250984984, 0.013674551149, 0.007724400128, 0.003443402895, 0.000862404134, 0.000000000000, },
	{0.000000000000, 0.000938851595, 0.003748641931, 0.008409126406, 0.014886726121, 0.023134769822, 0.033093830166, 0.044692151895, 0.057846168834, 0.072461105990, 0.088431662406, 0.105642769857, 0.123970421920, 0.143282567441, 0.163440061970, 0.184297670296, 0.205705112873, 0.227508148588, 0.249549686068, 0.271670915530, 0.293712453010, 0.315515488725, 0.336922931302, 0.357780539628, 0.377938034157, 0.397250179678, 0.415577831741, 0.432788939192, 0.448759495608, 0.463374432764, 0.476528449703, 0.488126771432, 0.498085831776, 0.506333875477, 0.512811475193, 0.517471959667, 0.520281750004, 0.521220601598, 0.520281750004, 0.517471959667, 0.512811475193, 0.506333875477, 0.498085831776, 0.488126771432, 0.476528449703, 0.463374432764, 0.448759495608, 0.432788939192, 0.415577831741, 0.397250179678, 0.377938034157, 0.357780539628, 0.336922931302, 0.315515488725, 0.293712453010, 0.271670915530, 0.249549686068, 0.227508148588, 0.205705112873, 0.184297670296, 0.163440061970, 0.143282567441, 0.123970421920, 0.105642769857, 0.088431662406, 0.072461105990, 0.057846168834, 0.044692151895, 0.033093830166, 0.023134769822, 0.014886726121, 0.008409126406, 0.003748641931, 0.000938851595, 0.000000000000, },
	{0.000000000000, 0.001015023652, 0.004052781340, 0.009091385949, 0.016094534219, 0.025011768305, 0.035778839331, 0.048318170304, 0.062539415057, 0.078340109196, 0.095606408357, 0.114213908460, 0.134028542039, 0.154907544205, 0.176700481270, 0.199250334623, 0.222394632053, 0.245966618367, 0.269796456863, 0.293712453010, 0.317542291507, 0.341114277821, 0.364258575251, 0.386808428603, 0.408601365668, 0.429480367835, 0.449295001414, 0.467902501516, 0.485168800677, 0.500969494816, 0.515190739569, 0.527730070543, 0.538497141569, 0.547414375655, 0.554417523924, 0.559456128534, 0.562493886221, 0.563508909873, 0.562493886221, 0.559456128534, 0.554417523924, 0.547414375655, 0.538497141569, 0.527730070543, 0.515190739569, 0.500969494816, 0.485168800677, 0.467902501516, 0.449295001414, 0.429480367835, 0.408601365668, 0.386808428603, 0.364258575251, 0.341114277821, 0.317542291507, 0.293712453010, 0.269796456863, 0.245966618367, 0.222394632053, 0.199250334623, 0.176700481270, 0.154907544205, 0.134028542039, 0.114213908460, 0.095606408357, 0.078340109196, 0.062539415057, 0.048318170304, 0.035778839331, 0.025011768305, 0.016094534219, 0.009091385949, 0.004052781340, 0.001015023652, 0.000000000000, },
	{0.000000000000, 0.001090371485, 0.004353629790, 0.009766263063, 0.017289273157, 0.026868456613, 0.038434795194, 0.051904953166, 0.067181877732, 0.084155498299, 0.102703519544, 0.122692302548, 0.143977827671, 0.166406732218, 0.189817415416, 0.214041202757, 0.238903561299, 0.264225357177, 0.289824146273, 0.315515488725, 0.341114277821, 0.366436073699, 0.391298432241, 0.415522219582, 0.438932902780, 0.461361807327, 0.482647332450, 0.502636115454, 0.521184136698, 0.538157757266, 0.553434681832, 0.566904839803, 0.578471178385, 0.588050361840, 0.595573371935, 0.600986005208, 0.604249263512, 0.605339634998, 0.604249263512, 0.600986005208, 0.595573371935, 0.588050361840, 0.578471178385, 0.566904839803, 0.553434681832, 0.538157757266, 0.521184136698, 0.502636115454, 0.482647332450, 0.461361807327, 0.438932902780, 0.415522219582, 0.391298432241, 0.366436073699, 0.341114277821, 0.315515488725, 0.289824146273, 0.264225357177, 0.238903561299, 0.214041202757, 0.189817415416, 0.166406732218, 0.143977827671, 0.122692302548, 0.102703519544, 0.084155498299, 0.067181877732, 0.051904953166, 0.038434795194, 0.026868456613, 0.017289273157, 0.009766263063, 0.004353629790, 0.001090371485, 0.000000000000, },
	{0.000000000000, 0.001164352212, 0.004649019662, 0.010428895242, 0.018462334815, 0.028691457267, 0.041042561534, 0.055426657628, 0.071740107807, 0.089865373288, 0.109671861118, 0.131016865098, 0.153746593987, 0.177697279566, 0.202696356596, 0.228563706155, 0.255112953398, 0.282152810387, 0.309488454336, 0.336922931302, 0.364258575251, 0.391298432241, 0.417847679483, 0.443715029042, 0.468714106073, 0.492664791651, 0.515394520540, 0.536739524521, 0.556546012351, 0.574671277832, 0.590984728010, 0.605368824104, 0.617719928372, 0.627949050823, 0.635982490397, 0.641762365977, 0.645247033427, 0.646411385638, 0.645247033427, 0.641762365977, 0.635982490397, 0.627949050823, 0.617719928372, 0.605368824104, 0.590984728010, 0.574671277832, 0.556546012351, 0.536739524521, 0.515394520540, 0.492664791651, 0.468714106073, 0.443715029042, 0.417847679483, 0.391298432241, 0.364258575251, 0.336922931302, 0.309488454336, 0.282152810387, 0.255112953398, 0.228563706155, 0.202696356596, 0.177697279566, 0.153746593987, 0.131016865098, 0.109671861118, 0.089865373288, 0.071740107807, 0.055426657628, 0.041042561534, 0.028691457267, 0.018462334815, 0.010428895242, 0.004649019662, 0.001164352212, 0.000000000000, },
	{0.000000000000, 0.001236432798, 0.004936822664, 0.011074508205, 0.019605267257, 0.030467635503, 0.043583349333, 0.058857909728, 0.076181263130, 0.095428594380, 0.116461226017, 0.139127617447, 0.163264456800, 0.188697837597, 0.215244511744, 0.242713209848, 0.270906019308, 0.299619810287, 0.328647699262, 0.357780539628, 0.386808428603, 0.415522219582, 0.443715029042, 0.471183727146, 0.497730401294, 0.523163782090, 0.547300621443, 0.569967012873, 0.590999644510, 0.610246975760, 0.627570329162, 0.642844889557, 0.655960603387, 0.666822971634, 0.675353730685, 0.681491416226, 0.685191806092, 0.686428238890, 0.685191806092, 0.681491416226, 0.675353730685, 0.666822971634, 0.655960603387, 0.642844889557, 0.627570329162, 0.610246975760, 0.590999644510, 0.569967012873, 0.547300621443, 0.523163782090, 0.497730401294, 0.471183727146, 0.443715029042, 0.415522219582, 0.386808428603, 0.357780539628, 0.328647699262, 0.299619810287, 0.270906019308, 0.242713209848, 0.215244511744, 0.188697837597, 0.163264456800, 0.139127617447, 0.116461226017, 0.095428594380, 0.076181263130, 0.058857909728, 0.043583349333, 0.030467635503, 0.019605267257, 0.011074508205, 0.004936822664, 0.001236432798, 0.000000000000, },
	{0.000000000000, 0.001306093902, 0.005214965170, 0.011698450298, 0.020709835626, 0.032184193918, 0.046038852158, 0.062173987217, 0.080473345076, 0.100805078443, 0.123022696713, 0.146966121437, 0.172462839692, 0.199329147038, 0.227371471115, 0.256387766336, 0.286168969629, 0.316500506741, 0.347163838252, 0.377938034157, 0.408601365668, 0.438932902780, 0.468714106073, 0.497730401294, 0.525772725371, 0.552639032717, 0.578135750972, 0.602079175696, 0.624296793966, 0.644628527333, 0.662927885192, 0.679063020251, 0.692917678491, 0.704392036782, 0.713403422111, 0.719886907239, 0.723795778507, 0.725101872409, 0.723795778507, 0.719886907239, 0.713403422111, 0.704392036782, 0.692917678491, 0.679063020251, 0.662927885192, 0.644628527333, 0.624296793966, 0.602079175696, 0.578135750972, 0.552639032717, 0.525772725371, 0.497730401294, 0.468714106073, 0.438932902780, 0.408601365668, 0.377938034157, 0.347163838252, 0.316500506741, 0.286168969629, 0.256387766336, 0.227371471115, 0.199329147038, 0.172462839692, 0.146966121437, 0.123022696713, 0.100805078443, 0.080473345076, 0.062173987217, 0.046038852158, 0.032184193918, 0.020709835626, 0.011698450298, 0.005214965170, 0.001306093902, 0.000000000000, },
	{0.000000000000, 0.001372833613, 0.005481443156, 0.012296226002, 0.021768081485, 0.033828764668, 0.048391378054, 0.065350997679, 0.084585429095, 0.105956087783, 0.129308997658, 0.154475900468, 0.181275468102, 0.209514609062, 0.238989859689, 0.269488850127, 0.300791834452, 0.332673273944, 0.364903462101, 0.397250179678, 0.429480367835, 0.461361807327, 0.492664791651, 0.523163782090, 0.552639032717, 0.580878173676, 0.607677741311, 0.632844644121, 0.656197553995, 0.677568212683, 0.696802644099, 0.713762263724, 0.728324877110, 0.740385560294, 0.749857415777, 0.756672198623, 0.760780808165, 0.762153641779, 0.760780808165, 0.756672198623, 0.749857415777, 0.740385560294, 0.728324877110, 0.713762263724, 0.696802644099, 0.677568212683, 0.656197553995, 0.632844644121, 0.607677741311, 0.580878173676, 0.552639032717, 0.523163782090, 0.492664791651, 0.461361807327, 0.429480367835, 0.397250179678, 0.364903462101, 0.332673273944, 0.300791834452, 0.269488850127, 0.238989859689, 0.209514609062, 0.181275468102, 0.154475900468, 0.129308997658, 0.105956087783, 0.084585429095, 0.065350997679, 0.048391378054, 0.033828764668, 0.021768081485, 0.012296226002, 0.005481443156, 0.001372833613, 0.000000000000, },
	{0.000000000000, 0.001436171072, 0.005734336643, 0.012863528330, 0.022772380146, 0.035389498584, 0.050623977019, 0.068366050683, 0.088487887529, 0.110844509262, 0.135274835910, 0.161602846410, 0.189638846841, 0.219180837180, 0.250015966709, 0.281922067612, 0.314669255702, 0.348021586739, 0.381738756411, 0.415577831741, 0.449295001414, 0.482647332450, 0.515394520540, 0.547300621443, 0.578135750972, 0.607677741311, 0.635713741743, 0.662041752242, 0.686472078890, 0.708828700623, 0.728950537469, 0.746692611133, 0.761927089568, 0.774544208006, 0.784453059822, 0.791582251510, 0.795880417080, 0.797316588152, 0.795880417080, 0.791582251510, 0.784453059822, 0.774544208006, 0.761927089568, 0.746692611133, 0.728950537469, 0.708828700623, 0.686472078890, 0.662041752242, 0.635713741743, 0.607677741311, 0.578135750972, 0.547300621443, 0.515394520540, 0.482647332450, 0.449295001414, 0.415577831741, 0.381738756411, 0.348021586739, 0.314669255702, 0.281922067612, 0.250015966709, 0.219180837180, 0.189638846841, 0.161602846410, 0.135274835910, 0.110844509262, 0.088487887529, 0.068366050683, 0.050623977019, 0.035389498584, 0.022772380146, 0.012863528330, 0.005734336643, 0.001436171072, 0.000000000000, },
	{0.000000000000, 0.001495649930, 0.005971823526, 0.013396269856, 0.023715495615, 0.036855150542, 0.052720563125, 0.071197422702, 0.092152603075, 0.115435121691, 0.140877227468, 0.168295609453, 0.197492717574, 0.228258185999, 0.260370348822, 0.293597837175, 0.327701246241, 0.362434860179, 0.397548422503, 0.432788939192, 0.467902501516, 0.502636115454, 0.536739524521, 0.569967012873, 0.602079175696, 0.632844644121, 0.662041752242, 0.689460134227, 0.714902240004, 0.738184758620, 0.759139938994, 0.777616798570, 0.793482211153, 0.806621866080, 0.816941091839, 0.824365538169, 0.828841711766, 0.830337361695, 0.828841711766, 0.824365538169, 0.816941091839, 0.806621866080, 0.793482211153, 0.777616798570, 0.759139938994, 0.738184758620, 0.714902240004, 0.689460134227, 0.662041752242, 0.632844644121, 0.602079175696, 0.569967012873, 0.536739524521, 0.502636115454, 0.467902501516, 0.432788939192, 0.397548422503, 0.362434860179, 0.327701246241, 0.293597837175, 0.260370348822, 0.228258185999, 0.197492717574, 0.168295609453, 0.140877227468, 0.115435121691, 0.092152603075, 0.071197422702, 0.052720563125, 0.036855150542, 0.023715495615, 0.013396269856, 0.005971823526, 0.001495649930, 0.000000000000, },
	{0.000000000000, 0.001550841639, 0.006192192708, 0.013890612165, 0.024590632723, 0.038215160486, 0.054666030422, 0.073824713635, 0.095553171373, 0.119694849600, 0.146075806973, 0.174505968087, 0.204780492982, 0.236681253011, 0.269978402468, 0.304432034627, 0.339793910279, 0.375809246300, 0.412218551369, 0.448759495608, 0.485168800677, 0.521184136698, 0.556546012351, 0.590999644510, 0.624296793966, 0.656197553995, 0.686472078890, 0.714902240004, 0.741283197377, 0.765424875604, 0.787153333343, 0.806312016555, 0.822762886491, 0.836387414255, 0.847087434812, 0.854785854269, 0.859427205338, 0.860978046977, 0.859427205338, 0.854785854269, 0.847087434812, 0.836387414255, 0.822762886491, 0.806312016555, 0.787153333343, 0.765424875604, 0.741283197377, 0.714902240004, 0.686472078890, 0.656197553995, 0.624296793966, 0.590999644510, 0.556546012351, 0.521184136698, 0.485168800677, 0.448759495608, 0.412218551369, 0.375809246300, 0.339793910279, 0.304432034627, 0.269978402468, 0.236681253011, 0.204780492982, 0.174505968087, 0.146075806973, 0.119694849600, 0.095553171373, 0.073824713635, 0.054666030422, 0.038215160486, 0.024590632723, 0.013890612165, 0.006192192708, 0.001550841639, 0.000000000000, },
	{0.000000000000, 0.001601348544, 0.006393856424, 0.014342993510, 0.025391486087, 0.039459729514, 0.056446361773, 0.076228993791, 0.098665091251, 0.123593001555, 0.150833118539, 0.180189176536, 0.211449664476, 0.244389349826, 0.278770901399, 0.314346599328, 0.350860119893, 0.388048382343, 0.425643444395, 0.463374432764, 0.500969494816, 0.538157757266, 0.574671277832, 0.610246975760, 0.644628527333, 0.677568212683, 0.708828700623, 0.738184758620, 0.765424875604, 0.790352785909, 0.812788883368, 0.832571515386, 0.849558147646, 0.863626391072, 0.874674883650, 0.882624020735, 0.887416528615, 0.889017877159, 0.887416528615, 0.882624020735, 0.874674883650, 0.863626391072, 0.849558147646, 0.832571515386, 0.812788883368, 0.790352785909, 0.765424875604, 0.738184758620, 0.708828700623, 0.677568212683, 0.644628527333, 0.610246975760, 0.574671277832, 0.538157757266, 0.500969494816, 0.463374432764, 0.425643444395, 0.388048382343, 0.350860119893, 0.314346599328, 0.278770901399, 0.244389349826, 0.211449664476, 0.180189176536, 0.150833118539, 0.123593001555, 0.098665091251, 0.076228993791, 0.056446361773, 0.039459729514, 0.025391486087, 0.014342993510, 0.006393856424, 0.001601348544, 0.000000000000, },
	{0.000000000000, 0.001646806740, 0.006575361681, 0.014750154471, 0.026112285541, 0.040579890476, 0.058048729851, 0.078392940277, 0.101465941254, 0.127101491279, 0.155114885628, 0.185304287153, 0.217452180523, 0.251326939430, 0.286684495460, 0.323270096612, 0.360820142790, 0.399064085053, 0.437726374919, 0.476528449703, 0.515190739569, 0.553434681832, 0.590984728010, 0.627570329162, 0.662927885192, 0.696802644099, 0.728950537469, 0.759139938994, 0.787153333343, 0.812788883368, 0.835861884344, 0.856206094771, 0.873674934146, 0.888142539081, 0.899504670151, 0.907679462941, 0.912608017882, 0.914254824622, 0.912608017882, 0.907679462941, 0.899504670151, 0.888142539081, 0.873674934146, 0.856206094771, 0.835861884344, 0.812788883368, 0.787153333343, 0.759139938994, 0.728950537469, 0.696802644099, 0.662927885192, 0.627570329162, 0.590984728010, 0.553434681832, 0.515190739569, 0.476528449703, 0.437726374919, 0.399064085053, 0.360820142790, 0.323270096612, 0.286684495460, 0.251326939430, 0.217452180523, 0.185304287153, 0.155114885628, 0.127101491279, 0.101465941254, 0.078392940277, 0.058048729851, 0.040579890476, 0.026112285541, 0.014750154471, 0.006575361681, 0.001646806740, 0.000000000000, },
	{0.000000000000, 0.001686888701, 0.006735400731, 0.015109161446, 0.026747837708, 0.041567572587, 0.059461589555, 0.080300961809, 0.103935541195, 0.130195040025, 0.158890258011, 0.189814445447, 0.222744792856, 0.257444036330, 0.293662167024, 0.331138232476, 0.369602216777, 0.408776986038, 0.448380285149, 0.488126771432, 0.527730070543, 0.566904839803, 0.605368824104, 0.642844889557, 0.679063020251, 0.713762263724, 0.746692611133, 0.777616798570, 0.806312016555, 0.832571515386, 0.856206094771, 0.877045467025, 0.894939483993, 0.909759218873, 0.921397895135, 0.929771655850, 0.934820167880, 0.936507056581, 0.934820167880, 0.929771655850, 0.921397895135, 0.909759218873, 0.894939483993, 0.877045467025, 0.856206094771, 0.832571515386, 0.806312016555, 0.777616798570, 0.746692611133, 0.713762263724, 0.679063020251, 0.642844889557, 0.605368824104, 0.566904839803, 0.527730070543, 0.488126771432, 0.448380285149, 0.408776986038, 0.369602216777, 0.331138232476, 0.293662167024, 0.257444036330, 0.222744792856, 0.189814445447, 0.158890258011, 0.130195040025, 0.103935541195, 0.080300961809, 0.059461589555, 0.041567572587, 0.026747837708, 0.015109161446, 0.006735400731, 0.001686888701, 0.000000000000, },
	{0.000000000000, 0.001721305634, 0.006872820488, 0.015417427780, 0.027293563420, 0.042415659576, 0.060674761201, 0.081939311048, 0.106056097549, 0.132851358703, 0.162132034041, 0.193687155626, 0.227289368084, 0.262696566703, 0.299653641807, 0.337894316822, 0.377143066810, 0.417117103625, 0.457528413418, 0.498085831776, 0.538497141569, 0.578471178385, 0.617719928372, 0.655960603387, 0.692917678491, 0.728324877110, 0.761927089568, 0.793482211153, 0.822762886491, 0.849558147646, 0.873674934146, 0.894939483993, 0.913198585618, 0.928320681774, 0.940196817414, 0.948741424706, 0.953892939560, 0.955614245194, 0.953892939560, 0.948741424706, 0.940196817414, 0.928320681774, 0.913198585618, 0.894939483993, 0.873674934146, 0.849558147646, 0.822762886491, 0.793482211153, 0.761927089568, 0.728324877110, 0.692917678491, 0.655960603387, 0.617719928372, 0.578471178385, 0.538497141569, 0.498085831776, 0.457528413418, 0.417117103625, 0.377143066810, 0.337894316822, 0.299653641807, 0.262696566703, 0.227289368084, 0.193687155626, 0.162132034041, 0.132851358703, 0.106056097549, 0.081939311048, 0.060674761201, 0.042415659576, 0.027293563420, 0.015417427780, 0.006872820488, 0.001721305634, 0.000000000000, },
