namespace Mosse {
constexpr const unsigned kHann60x60Height = 60;  // Number of rows
constexpr const unsigned kHann60x60Width = 60;  // Number of columns
constexpr const float kHann60x60[kHann60x60Height][kHann60x60Width] = {
	{0.0000, 0.0000, 0.0000, 0.0000, 0.0000, 0.0000, 0.0000, 0.0000, 0.0000, 0.0000, 0.0000, 0.0000, 0.0000, 0.0000, 0.0000, 0.0000, 0.0000, 0.0000, 0.0000, 0.0000, 0.0000, 0.0000, 0.0000, 0.0000, 0.0000, 0.0000, 0.0000, 0.0000, 0.0000, 0.0000, 0.0000, 0.0000, 0.0000, 0.0000, 0.0000, 0.0000, 0.0000, 0.0000, 0.0000, 0.0000, 0.0000, 0.0000, 0.0000, 0.0000, 0.0000, 0.0000, 0.0000, 0.0000, 0.0000, 0.0000, 0.0000, 0.0000, 0.0000, 0.0000, 0.0000, 0.0000, 0.0000, 0.0000, 0.0000, 0.0000, },
	{0.0000, 0.0000, 0.0000, 0.0001, 0.0001, 0.0002, 0.0003, 0.0004, 0.0005, 0.0006, 0.0007, 0.0009, 0.0010, 0.0012, 0.0013, 0.0015, 0.0016, 0.0018, 0.0019, 0.0020, 0.0022, 0.0023, 0.0024, 0.0025, 0.0026, 0.0027, 0.0027, 0.0028, 0.0028, 0.0028, 0.0028, 0.0028, 0.0028, 0.0027, 0.0027, 0.0026, 0.0025, 0.0024, 0.0023, 0.0022, 0.0020, 0.0019, 0.0018, 0.0016, 0.0015, 0.0013, 0.0012, 0.0010, 0.0009, 0.0007, 0.0006, 0.0005, 0.0004, 0.0003, 0.0002, 0.0001, 0.0001, 0.0000, 0.0000, 0.0000, },
	{0.0000, 0.0000, 0.0001, 0.0003, 0.0005, 0.0008, 0.0011, 0.0015, 0.0019, 0.0024, 0.0029, 0.0035, 0.0040, 0.0046, 0.0052, 0.0058, 0.0064, 0.0070, 0.0076, 0.0081, 0.0086, 0.0091, 0.0096, 0.0100, 0.0104, 0.0107, 0.0109, 0.0111, 0.0112, 0.0113, 0.0113, 0.0112, 0.0111, 0.0109, 0.0107, 0.0104, 0.0100, 0.0096, 0.0091, 0.0086, 0.0081, 0.0076, 0.0070, 0.0064, 0.0058, 0.0052, 0.0046, 0.0040, 0.0035, 0.0029, 0.0024, 0.0019, 0.0015, 0.0011, 0.0008, 0.0005, 0.0003, 0.0001, 0.0000, 0.0000, },
	{0.0000, 0.0001, 0.0003, 0.0006, 0.0011, 0.0018, 0.0025, 0.0034, 0.0043, 0.0054, 0.0065, 0.0077, 0.0090, 0.0103, 0.0116, 0.0130, 0.0143, 0.0157, 0.0169, 0.0182, 0.0194, 0.0205, 0.0215, 0.0224, 0.0232, 0.0239, 0.0244, 0.0249, 0.0251, 0.0253, 0.0253, 0.0251, 0.0249, 0.0244, 0.0239, 0.0232, 0.0224, 0.0215, 0.0205, 0.0194, 0.0182, 0.0169, 0.0157, 0.0143, 0.0130, 0.0116, 0.0103, 0.0090, 0.0077, 0.0065, 0.0054, 0.0043, 0.0034, 0.0025, 0.0018, 0.0011, 0.0006, 0.0003, 0.0001, 0.0000, },
	{0.0000, 0.0001, 0.0005, 0.0011, 0.0020, 0.0031, 0.0044, 0.0059, 0.0076, 0.0095, 0.0115, 0.0137, 0.0159, 0.0182, 0.0206, 0.0229, 0.0253, 0.0276, 0.0299, 0.0321, 0.0342, 0.0361, 0.0379, 0.0395, 0.0410, 0.0422, 0.0431, 0.0439, 0.0444, 0.0447, 0.0447, 0.0444, 0.0439, 0.0431, 0.0422, 0.0410, 0.0395, 0.0379, 0.0361, 0.0342, 0.0321, 0.0299, 0.0276, 0.0253, 0.0229, 0.0206, 0.0182, 0.0159, 0.0137, 0.0115, 0.0095, 0.0076, 0.0059, 0.0044, 0.0031, 0.0020, 0.0011, 0.0005, 0.0001, 0.0000, },
	{0.0000, 0.0002, 0.0008, 0.0018, 0.0031, 0.0048, 0.0068, 0.0092, 0.0118, 0.0147, 0.0178, 0.0212, 0.0246, 0.0282, 0.0318, 0.0355, 0.0392, 0.0428, 0.0464, 0.0497, 0.0530, 0.0560, 0.0588, 0.0613, 0.0635, 0.0653, 0.0668, 0.0680, 0.0688, 0.0692, 0.0692, 0.0688, 0.0680, 0.0668, 0.0653, 0.0635, 0.0613, 0.0588, 0.0560, 0.0530, 0.0497, 0.0464, 0.0428, 0.0392, 0.0355, 0.0318, 0.0282, 0.0246, 0.0212, 0.0178, 0.0147, 0.0118, 0.0092, 0.0068, 0.0048, 0.0031, 0.0018, 0.0008, 0.0002, 0.0000, },
	{0.0000, 0.0003, 0.0011, 0.0025, 0.0044, 0.0068, 0.0097, 0.0131, 0.0168, 0.0210, 0.0254, 0.0301, 0.0351, 0.0402, 0.0454, 0.0506, 0.0559, 0.0610, 0.0661, 0.0709, 0.0755, 0.0798, 0.0837, 0.0873, 0.0904, 0.0931, 0.0953, 0.0969, 0.0980, 0.0986, 0.0986, 0.0980, 0.0969, 0.0953, 0.0931, 0.0904, 0.0873, 0.0837, 0.0798, 0.0755, 0.0709, 0.0661, 0.0610, 0.0559, 0.0506, 0.0454, 0.0402, 0.0351, 0.0301, 0.0254, 0.0210, 0.0168, 0.0131, 0.0097, 0.0068, 0.0044, 0.0025, 0.0011, 0.0003, 0.0000, },
	{0.0000, 0.0004, 0.0015, 0.0034, 0.0059, 0.0092, 0.0131, 0.0176, 0.0226, 0.0282, 0.0342, 0.0405, 0.0472, 0.0540, 0.0610, 0.0681, 0.0751, 0.0820, 0.0888, 0.0953, 0.1015, 0.1073, 0.1126, 0.1174, 0.1216, 0.1251, 0.1281, 0.1303, 0.1318, 0.1325, 0.1325, 0.1318, 0.1303, 0.1281, 0.1251, 0.1216, 0.1174, 0.1126, 0.1073, 0.1015, 0.0953, 0.0888, 0.0820, 0.0751, 0.0681, 0.0610, 0.0540, 0.0472, 0.0405, 0.0342, 0.0282, 0.0226, 0.0176, 0.0131, 0.0092, 0.0059, 0.0034, 0.0015, 0.0004, 0.0000, },
	{0.0000, 0.0005, 0.0019, 0.0043, 0.0076, 0.0118, 0.0168, 0.0226, 0.0292, 0.0363, 0.0440, 0.0522, 0.0607, 0.0696, 0.0786, 0.0876, 0.0967, 0.1056, 0.1143, 0.1227, 0.1307, 0.1381, 0.1449, 0.1511, 0.1565, 0.1611, 0.1649, 0.1677, 0.1697, 0.1706, 0.1706, 0.1697, 0.1677, 0.1649, 0.1611, 0.1565, 0.1511, 0.1449, 0.1381, 0.1307, 0.1227, 0.1143, 0.1056, 0.0967, 0.0876, 0.0786, 0.0696, 0.0607, 0.0522, 0.0440, 0.0363, 0.0292, 0.0226, 0.0168, 0.0118, 0.0076, 0.0043, 0.0019, 0.0005, 0.0000, },
	{0.0000, 0.0006, 0.0024, 0.0054, 0.0095, 0.0147, 0.0210, 0.0282, 0.0363, 0.0452, 0.0548, 0.0650, 0.0756, 0.0866, 0.0978, 0.1091, 0.1204, 0.1315, 0.1424, 0.1528, 0.1627, 0.1719, 0.1805, 0.1881, 0.1949, 0.2006, 0.2053, 0.2089, 0.2113, 0.2125, 0.2125, 0.2113, 0.2089, 0.2053, 0.2006, 0.1949, 0.1881, 0.1805, 0.1719, 0.1627, 0.1528, 0.1424, 0.1315, 0.1204, 0.1091, 0.0978, 0.0866, 0.0756, 0.0650, 0.0548, 0.0452, 0.0363, 0.0282, 0.0210, 0.0147, 0.0095, 0.0054, 0.0024, 0.0006, 0.0000, },
	{0.0000, 0.0007, 0.0029, 0.0065, 0.0115, 0.0178, 0.0254, 0.0342, 0.0440, 0.0548, 0.0664, 0.0788, 0.0917, 0.1050, 0.1186, 0.1323, 0.1460, 0.1594, 0.1726, 0.1852, 0.1972, 0.2084, 0.2188, 0.2281, 0.2362, 0.2432, 0.2489, 0.2532, 0.2561, 0.2575, 0.2575, 0.2561, 0.2532, 0.2489, 0.2432, 0.2362, 0.2281, 0.2188, 0.2084, 0.1972, 0.1852, 0.1726, 0.1594, 0.1460, 0.1323, 0.1186, 0.1050, 0.0917, 0.0788, 0.0664, 0.0548, 0.0440, 0.0342, 0.0254, 0.0178, 0.0115, 0.0065, 0.0029, 0.0007, 0.0000, },
	{0.0000, 0.0009, 0.0035, 0.0077, 0.0137, 0.0212, 0.0301, 0.0405, 0.0522, 0.0650, 0.0788, 0.0934, 0.1087, 0.1245, 0.1406, 0.1569, 0.1731, 0.1891, 0.2046, 0.2196, 0.2338, 0.2471, 0.2594, 0.2704, 0.2801, 0.2884, 0.2951, 0.3002, 0.3036, 0.3054, 0.3054, 0.3036, 0.3002, 0.2951, 0.2884, 0.2801, 0.2704, 0.2594, 0.2471, 0.2338, 0.2196, 0.2046, 0.1891, 0.1731, 0.1569, 0.1406, 0.1245, 0.1087, 0.0934, 0.0788, 0.0650, 0.0522, 0.0405, 0.0301, 0.0212, 0.0137, 0.0077, 0.0035, 0.0009, 0.0000, },
	{0.0000, 0.0010, 0.0040, 0.0090, 0.0159, 0.0246, 0.0351, 0.0472, 0.0607, 0.0756, 0.0917, 0.1087, 0.1265, 0.1449, 0.1636, 0.1826, 0.2014, 0.2200, 0.2382, 0.2556, 0.2722, 0.2876, 0.3019, 0.3147, 0.3260, 0.3356, 0.3434, 0.3494, 0.3534, 0.3554, 0.3554, 0.3534, 0.3494, 0.3434, 0.3356, 0.3260, 0.3147, 0.3019, 0.2876, 0.2722, 0.2556, 0.2382, 0.2200, 0.2014, 0.1826, 0.1636, 0.1449, 0.1265, 0.1087, 0.0917, 0.0756, 0.0607, 0.0472, 0.0351, 0.0246, 0.0159, 0.0090, 0.0040, 0.0010, 0.0000, },
	{0.0000, 0.0012, 0.0046, 0.0103, 0.0182, 0.0282, 0.0402, 0.0540, 0.0696, 0.0866, 0.1050, 0.1245, 0.1449, 0.1659, 0.1874, 0.2091, 0.2307, 0.2520, 0.2728, 0.2927, 0.3117, 0.3295, 0.3458, 0.3605, 0.3734, 0.3844, 0.3934, 0.4002, 0.4048, 0.4071, 0.4071, 0.4048, 0.4002, 0.3934, 0.3844, 0.3734, 0.3605, 0.3458, 0.3295, 0.3117, 0.2927, 0.2728, 0.2520, 0.2307, 0.2091, 0.1874, 0.1659, 0.1449, 0.1245, 0.1050, 0.0866, 0.0696, 0.0540, 0.0402, 0.0282, 0.0182, 0.0103, 0.0046, 0.0012, 0.0000, },
	{0.0000, 0.0013, 0.0052, 0.0116, 0.0206, 0.0318, 0.0454, 0.0610, 0.0786, 0.0978, 0.1186, 0.1406, 0.1636, 0.1874, 0.2117, 0.2362, 0.2606, 0.2847, 0.3081, 0.3307, 0.3521, 0.3721, 0.3905, 0.4072, 0.4218, 0.4342, 0.4443, 0.4520, 0.4572, 0.4598, 0.4598, 0.4572, 0.4520, 0.4443, 0.4342, 0.4218, 0.4072, 0.3905, 0.3721, 0.3521, 0.3307, 0.3081, 0.2847, 0.2606, 0.2362, 0.2117, 0.1874, 0.1636, 0.1406, 0.1186, 0.0978, 0.0786, 0.0610, 0.0454, 0.0318, 0.0206, 0.0116, 0.0052, 0.0013, 0.0000, },
	{0.0000, 0.0015, 0.0058, 0.0130, 0.0229, 0.0355, 0.0506, 0.0681, 0.0876, 0.1091, 0.1323, 0.1569, 0.1826, 0.2091, 0.2362, 0.2635, 0.2907, 0.3176, 0.3437, 0.3689, 0.3928, 0.4151, 0.4357, 0.4542, 0.4705, 0.4844, 0.4957, 0.5043, 0.5100, 0.5129, 0.5129, 0.5100, 0.5043, 0.4957, 0.4844, 0.4705, 0.4542, 0.4357, 0.4151, 0.3928, 0.3689, 0.3437, 0.3176, 0.2907, 0.2635, 0.2362, 0.2091, 0.1826, 0.1569, 0.1323, 0.1091, 0.0876, 0.0681, 0.0506, 0.0355, 0.0229, 0.0130, 0.0058, 0.0015, 0.0000, },
	{0.0000, 0.0016, 0.0064, 0.0143, 0.0253, 0.0392, 0.0559, 0.0751, 0.0967, 0.1204, 0.1460, 0.1731, 0.2014, 0.2307, 0.2606, 0.2907, 0.3208, 0.3504, 0.3792, 0.4070, 0.4334, 0.4581, 0.4807, 0.5012, 0.5192, 0.5345, 0.5469, 0.5564, 0.5628, 0.5660, 0.5660, 0.5628, 0.5564, 0.5469, 0.5345, 0.5192, 0.5012, 0.4807, 0.4581, 0.4334, 0.4070, 0.3792, 0.3504, 0.3208, 0.2907, 0.2606, 0.2307, 0.2014, 0.1731, 0.1460, 0.1204, 0.0967, 0.0751, 0.0559, 0.0392, 0.0253, 0.0143, 0.0064, 0.0016, 0.0000, },
	{0.0000, 0.0018, 0.0070, 0.0157, 0.0276, 0.0428, 0.0610, 0.0820, 0.1056, 0.1315, 0.1594, 0.1891, 0.2200, 0.2520, 0.2847, 0.3176, 0.3504, 0.3827, 0.4143, 0.4446, 0.4734, 0.5004, 0.5251, 0.5475, 0.5671, 0.5838, 0.5974, 0.6078, 0.6147, 0.6182, 0.6182, 0.6147, 0.6078, 0.5974, 0.5838, 0.5671, 0.5475, 0.5251, 0.5004, 0.4734, 0.4446, 0.4143, 0.3827, 0.3504, 0.3176, 0.2847, 0.2520, 0.2200, 0.1891, 0.1594, 0.1315, 0.1056, 0.0820, 0.0610, 0.0428, 0.0276, 0.0157, 0.0070, 0.0018, 0.0000, },
	{0.0000, 0.0019, 0.0076, 0.0169, 0.0299, 0.0464, 0.0661, 0.0888, 0.1143, 0.1424, 0.1726, 0.2046, 0.2382, 0.2728, 0.3081, 0.3437, 0.3792, 0.4143, 0.4484, 0.4812, 0.5124, 0.5416, 0.5684, 0.5926, 0.6138, 0.6319, 0.6466, 0.6578, 0.6654, 0.6691, 0.6691, 0.6654, 0.6578, 0.6466, 0.6319, 0.6138, 0.5926, 0.5684, 0.5416, 0.5124, 0.4812, 0.4484, 0.4143, 0.3792, 0.3437, 0.3081, 0.2728, 0.2382, 0.2046, 0.1726, 0.1424, 0.1143, 0.0888, 0.0661, 0.0464, 0.0299, 0.0169, 0.0076, 0.0019, 0.0000, },
	{0.0000, 0.0020, 0.0081, 0.0182, 0.0321, 0.0497, 0.0709, 0.0953, 0.1227, 0.1528, 0.1852, 0.2196, 0.2556, 0.2927, 0.3307, 0.3689, 0.4070, 0.4446, 0.4812, 0.5165, 0.5499, 0.5812, 0.6100, 0.6359, 0.6588, 0.6782, 0.6940, 0.7060, 0.7141, 0.7181, 0.7181, 0.7141, 0.7060, 0.6940, 0.6782, 0.6588, 0.6359, 0.6100, 0.5812, 0.5499, 0.5165, 0.4812, 0.4446, 0.4070, 0.3689, 0.3307, 0.2927, 0.2556, 0.2196, 0.1852, 0.1528, 0.1227, 0.0953, 0.0709, 0.0497, 0.0321, 0.0182, 0.0081, 0.0020, 0.0000, },
	{0.0000, 0.0022, 0.0086, 0.0194, 0.0342, 0.0530, 0.0755, 0.1015, 0.1307, 0.1627, 0.1972, 0.2338, 0.2722, 0.3117, 0.3521, 0.3928, 0.4334, 0.4734, 0.5124, 0.5499, 0.5855, 0.6189, 0.6495, 0.6771, 0.7014, 0.7221, 0.7389, 0.7517, 0.7603, 0.7647, 0.7647, 0.7603, 0.7517, 0.7389, 0.7221, 0.7014, 0.6771, 0.6495, 0.6189, 0.5855, 0.5499, 0.5124, 0.4734, 0.4334, 0.3928, 0.3521, 0.3117, 0.2722, 0.2338, 0.1972, 0.1627, 0.1307, 0.1015, 0.0755, 0.0530, 0.0342, 0.0194, 0.0086, 0.0022, 0.0000, },
	{0.0000, 0.0023, 0.0091, 0.0205, 0.0361, 0.0560, 0.0798, 0.1073, 0.1381, 0.1719, 0.2084, 0.2471, 0.2876, 0.3295, 0.3721, 0.4151, 0.4581, 0.5004, 0.5416, 0.5812, 0.6189, 0.6541, 0.6865, 0.7157, 0.7414, 0.7632, 0.7810, 0.7945, 0.8036, 0.8082, 0.8082, 0.8036, 0.7945, 0.7810, 0.7632, 0.7414, 0.7157, 0.6865, 0.6541, 0.6189, 0.5812, 0.5416, 0.5004, 0.4581, 0.4151, 0.3721, 0.3295, 0.2876, 0.2471, 0.2084, 0.1719, 0.1381, 0.1073, 0.0798, 0.0560, 0.0361, 0.0205, 0.0091, 0.0023, 0.0000, },
	{0.0000, 0.0024, 0.0096, 0.0215, 0.0379, 0.0588, 0.0837, 0.1126, 0.1449, 0.1805, 0.2188, 0.2594, 0.3019, 0.3458, 0.3905, 0.4357, 0.4807, 0.5251, 0.5684, 0.6100, 0.6495, 0.6865, 0.7205, 0.7511, 0.7781, 0.8010, 0.8197, 0.8339, 0.8434, 0.8482, 0.8482, 0.8434, 0.8339, 0.8197, 0.8010, 0.7781, 0.7511, 0.7205, 0.6865, 0.6495, 0.6100, 0.5684, 0.5251, 0.4807, 0.4357, 0.3905, 0.3458, 0.3019, 0.2594, 0.2188, 0.1805, 0.1449, 0.1126, 0.0837, 0.0588, 0.0379, 0.0215, 0.0096, 0.0024, 0.0000, },
	{0.0000, 0.0025, 0.0100, 0.0224, 0.0395, 0.0613, 0.0873, 0.1174, 0.1511, 0.1881, 0.2281, 0.2704, 0.3147, 0.3605, 0.4072, 0.4542, 0.5012, 0.5475, 0.5926, 0.6359, 0.6771, 0.7157, 0.7511, 0.7831, 0.8112, 0.8351, 0.8545, 0.8693, 0.8793, 0.8843, 0.8843, 0.8793, 0.8693, 0.8545, 0.8351, 0.8112, 0.7831, 0.7511, 0.7157, 0.6771, 0.6359, 0.5926, 0.5475, 0.5012, 0.4542, 0.4072, 0.3605, 0.3147, 0.2704, 0.2281, 0.1881, 0.1511, 0.1174, 0.0873, 0.0613, 0.0395, 0.0224, 0.0100, 0.0025, 0.0000, },
	{0.0000, 0.0026, 0.0104, 0.0232, 0.0410, 0.0635, 0.0904, 0.1216, 0.1565, 0.1949, 0.2362, 0.2801, 0.3260, 0.3734, 0.4218, 0.4705, 0.5192, 0.5671, 0.6138, 0.6588, 0.7014, 0.7414, 0.7781, 0.8112, 0.8403, 0.8650, 0.8852, 0.9005, 0.9108, 0.9160, 0.9160, 0.9108, 0.9005, 0.8852, 0.8650, 0.8403, 0.8112, 0.7781, 0.7414, 0.7014, 0.6588, 0.6138, 0.5671, 0.5192, 0.4705, 0.4218, 0.3734, 0.3260, 0.2801, 0.2362, 0.1949, 0.1565, 0.1216, 0.0904, 0.0635, 0.0410, 0.0232, 0.0104, 0.0026, 0.0000, },
	{0.0000, 0.0027, 0.0107, 0.0239, 0.0422, 0.0653, 0.0931, 0.1251, 0.1611, 0.2006, 0.2432, 0.2884, 0.3356, 0.3844, 0.4342, 0.4844, 0.5345, 0.5838, 0.6319, 0.6782, 0.7221, 0.7632, 0.8010, 0.8351, 0.8650, 0.8905, 0.9113, 0.9271, 0.9377, 0.9430, 0.9430, 0.9377, 0.9271, 0.9113, 0.8905, 0.8650, 0.8351, 0.8010, 0.7632, 0.7221, 0.6782, 0.6319, 0.5838, 0.5345, 0.4844, 0.4342, 0.3844, 0.3356, 0.2884, 0.2432, 0.2006, 0.1611, 0.1251, 0.0931, 0.0653, 0.0422, 0.0239, 0.0107, 0.0027, 0.0000, },
	{0.0000, 0.0027, 0.0109, 0.0244, 0.0431, 0.0668, 0.0953, 0.1281, 0.1649, 0.2053, 0.2489, 0.2951, 0.3434, 0.3934, 0.4443, 0.4957, 0.5469, 0.5974, 0.6466, 0.6940, 0.7389, 0.7810, 0.8197, 0.8545, 0.8852, 0.9113, 0.9325, 0.9487, 0.9595, 0.9650, 0.9650, 0.9595, 0.9487, 0.9325, 0.9113, 0.8852, 0.8545, 0.8197, 0.7810, 0.7389, 0.6940, 0.6466, 0.5974, 0.5469, 0.4957, 0.4443, 0.3934, 0.3434, 0.2951, 0.2489, 0.2053, 0.1649, 0.1281, 0.0953, 0.0668, 0.0431, 0.0244, 0.0109, 0.0027, 0.0000, },
	{0.0000, 0.0028, 0.0111, 0.0249, 0.0439, 0.0680, 0.0969, 0.1303, 0.1677, 0.2089, 0.2532, 0.3002, 0.3494, 0.4002, 0.4520, 0.5043, 0.5564, 0.6078, 0.6578, 0.7060, 0.7517, 0.7945, 0.8339, 0.8693, 0.9005, 0.9271, 0.9487, 0.9651, 0.9761, 0.9817, 0.9817, 0.9761, 0.9651, 0.9487, 0.9271, 0.9005, 0.8693, 0.8339, 0.7945, 0.7517, 0.7060, 0.6578, 0.6078, 0.5564, 0.5043, 0.4520, 0.4002, 0.3494, 0.3002, 0.2532, 0.2089, 0.1677, 0.1303, 0.0969, 0.0680, 0.0439, 0.0249, 0.0111, 0.0028, 0.0000, },
	{0.0000, 0.0028, 0.0112, 0.0251, 0.0444, 0.0688, 0.0980, 0.1318, 0.1697, 0.2113, 0.2561, 0.3036, 0.3534, 0.4048, 0.4572, 0.5100, 0.5628, 0.6147, 0.6654, 0.7141, 0.7603, 0.8036, 0.8434, 0.8793, 0.9108, 0.9377, 0.9595, 0.9761, 0.9873, 0.9929, 0.9929, 0.9873, 0.9761, 0.9595, 0.9377, 0.9108, 0.8793, 0.8434, 0.8036, 0.7603, 0.7141, 0.6654, 0.6147, 0.5628, 0.5100, 0.4572, 0.4048, 0.3534, 0.3036, 0.2561, 0.2113, 0.1697, 0.1318, 0.0980, 0.0688, 0.0444, 0.0251, 0.0112, 0.0028, 0.0000, },
	{0.0000, 0.0028, 0.0113, 0.0253, 0.0447, 0.0692, 0.0986, 0.1325, 0.1706, 0.2125, 0.2575, 0.3054, 0.3554, 0.4071, 0.4598, 0.5129, 0.5660, 0.6182, 0.6691, 0.7181, 0.7647, 0.8082, 0.8482, 0.8843, 0.9160, 0.9430, 0.9650, 0.9817, 0.9929, 0.9986, 0.9986, 0.9929, 0.9817, 0.9650, 0.9430, 0.9160, 0.8843, 0.8482, 0.8082, 0.7647, 0.7181, 0.6691, 0.6182, 0.5660, 0.5129, 0.4598, 0.4071, 0.3554, 0.3054, 0.2575, 0.2125, 0.1706, 0.1325, 0.0986, 0.0692, 0.0447, 0.0253, 0.0113, 0.0028, 0.0000, },
	{0.0000, 0.0028, 0.0113, 0.0253, 0.0447, 0.0692, 0.0986, 0.1325, 0.1706, 0.2125, 0.2575, 0.3054, 0.3554, 0.4071, 0.4598, 0.5129, 0.5660, 0.6182, 0.6691, 0.7181, 0.7647, 0.8082, 0.8482, 0.8843, 0.9160, 0.9430, 0.9650, 0.9817, 0.9929, 0.9986, 0.9986, 0.9929, 0.9817, 0.9650, 0.9430, 0.9160, 0.8843, 0.8482, 0.8082, 0.7647, 0.7181, 0.6691, 0.6182, 0.5660, 0.5129, 0.4598, 0.4071, 0.3554, 0.3054, 0.2575, 0.2125, 0.1706, 0.1325, 0.0986, 0.0692, 0.0447, 0.0253, 0.0113, 0.0028, 0.0000, },
	{0.0000, 0.0028, 0.0112, 0.0251, 0.0444, 0.0688, 0.0980, 0.1318, 0.1697, 0.2113, 0.2561, 0.3036, 0.3534, 0.4048, 0.4572, 0.5100, 0.5628, 0.6147, 0.6654, 0.7141, 0.7603, 0.8036, 0.8434, 0.8793, 0.9108, 0.9377, 0.9595, 0.9761, 0.9873, 0.9929, 0.9929, 0.9873, 0.9761, 0.9595, 0.9377, 0.9108, 0.8793, 0.8434, 0.8036, 0.7603, 0.7141, 0.6654, 0.6147, 0.5628, 0.5100, 0.4572, 0.4048, 0.3534, 0.3036, 0.2561, 0.2113, 0.1697, 0.1318, 0.0980, 0.0688, 0.0444, 0.0251, 0.0112, 0.0028, 0.0000, },
	{0.0000, 0.0028, 0.0111, 0.0249, 0.0439, 0.0680, 0.0969, 0.1303, 0.1677, 0.2089, 0.2532, 0.3002, 0.3494, 0.4002, 0.4520, 0.5043, 0.5564, 0.6078, 0.6578, 0.7060, 0.7517, 0.7945, 0.8339, 0.8693, 0.9005, 0.9271, 0.9487, 0.9651, 0.9761, 0.9817, 0.9817, 0.9761, 0.9651, 0.9487, 0.9271, 0.9005, 0.8693, 0.8339, 0.7945, 0.7517, 0.7060, 0.6578, 0.6078, 0.5564, 0.5043, 0.4520, 0.4002, 0.3494, 0.3002, 0.2532, 0.2089, 0.1677, 0.1303, 0.0969, 0.0680, 0.0439, 0.0249, 0.0111, 0.0028, 0.0000, },
	{0.0000, 0.0027, 0.0109, 0.0244, 0.0431, 0.0668, 0.0953, 0.1281, 0.1649, 0.2053, 0.2489, 0.2951, 0.3434, 0.3934, 0.4443, 0.4957, 0.5469, 0.5974, 0.6466, 0.6940, 0.7389, 0.7810, 0.8197, 0.8545, 0.8852, 0.9113, 0.9325, 0.9487, 0.9595, 0.9650, 0.9650, 0.9595, 0.9487, 0.9325, 0.9113, 0.8852, 0.8545, 0.8197, 0.7810, 0.7389, 0.6940, 0.6466, 0.5974, 0.5469, 0.4957, 0.4443, 0.3934, 0.3434, 0.2951, 0.2489, 0.2053, 0.1649, 0.1281, 0.0953, 0.0668, 0.0431, 0.0244, 0.0109, 0.0027, 0.0000, },
	{0.0000, 0.0027, 0.0107, 0.0239, 0.0422, 0.0653, 0.0931, 0.1251, 0.1611, 0.2006, 0.2432, 0.2884, 0.3356, 0.3844, 0.4342, 0.4844, 0.5345, 0.5838, 0.6319, 0.6782, 0.7221, 0.7632, 0.8010, 0.8351, 0.8650, 0.8905, 0.9113, 0.9271, 0.9377, 0.9430, 0.9430, 0.9377, 0.9271, 0.9113, 0.8905, 0.8650, 0.8351, 0.8010, 0.7632, 0.7221, 0.6782, 0.6319, 0.5838, 0.5345, 0.4844, 0.4342, 0.3844, 0.3356, 0.2884, 0.2432, 0.2006, 0.1611, 0.1251, 0.0931, 0.0653, 0.0422, 0.0239, 0.0107, 0.0027, 0.0000, },
	{0.0000, 0.0026, 0.0104, 0.0232, 0.0410, 0.0635, 0.0904, 0.1216, 0.1565, 0.1949, 0.2362, 0.2801, 0.3260, 0.3734, 0.4218, 0.4705, 0.5192, 0.5671, 0.6138, 0.6588, 0.7014, 0.7414, 0.7781, 0.8112, 0.8403, 0.8650, 0.8852, 0.9005, 0.9108, 0.9160, 0.9160, 0.9108, 0.9005, 0.8852, 0.8650, 0.8403, 0.8112, 0.7781, 0.7414, 0.7014, 0.6588, 0.6138, 0.5671, 0.5192, 0.4705, 0.4218, 0.3734, 0.3260, 0.2801, 0.2362, 0.1949, 0.1565, 0.1216, 0.0904, 0.0635, 0.0410, 0.0232, 0.0104, 0.0026, 0.0000, },
	{0.0000, 0.0025, 0.0100, 0.0224, 0.0395, 0.0613, 0.0873, 0.1174, 0.1511, 0.1881, 0.2281, 0.2704, 0.3147, 0.3605, 0.4072, 0.4542, 0.5012, 0.5475, 0.5926, 0.6359, 0.6771, 0.7157, 0.7511, 0.7831, 0.8112, 0.8351, 0.8545, 0.8693, 0.8793, 0.8843, 0.8843, 0.8793, 0.8693, 0.8545, 0.8351, 0.8112, 0.7831, 0.7511, 0.7157, 0.6771, 0.6359, 0.5926, 0.5475, 0.5012, 0.4542, 0.4072, 0.3605, 0.3147, 0.2704, 0.2281, 0.1881, 0.1511, 0.1174, 0.0873, 0.0613, 0.0395, 0.0224, 0.0100, 0.0025, 0.0000, },
	{0.0000, 0.0024, 0.0096, 0.0215, 0.0379, 0.0588, 0.0837, 0.1126, 0.1449, 0.1805, 0.2188, 0.2594, 0.3019, 0.3458, 0.3905, 0.4357, 0.4807, 0.5251, 0.5684, 0.6100, 0.6495, 0.6865, 0.7205, 0.7511, 0.7781, 0.8010, 0.8197, 0.8339, 0.8434, 0.8482, 0.8482, 0.8434, 0.8339, 0.8197, 0.8010, 0.7781, 0.7511, 0.7205, 0.6865, 0.6495, 0.6100, 0.5684, 0.5251, 0.4807, 0.4357, 0.3905, 0.3458, 0.3019, 0.2594, 0.2188, 0.1805, 0.1449, 0.1126, 0.0837, 0.0588, 0.0379, 0.0215, 0.0096, 0.0024, 0.0000, },
	{0.0000, 0.0023, 0.0091, 0.0205, 0.0361, 0.0560, 0.0798, 0.1073, 0.1381, 0.1719, 0.2084, 0.2471, 0.2876, 0.3295, 0.3721, 0.4151, 0.4581, 0.5004, 0.5416, 0.5812, 0.6189, 0.6541, 0.6865, 0.7157, 0.7414, 0.7632, 0.7810, 0.7945, 0.8036, 0.8082, 0.8082, 0.8036, 0.7945, 0.7810, 0.7632, 0.7414, 0.7157, 0.6865, 0.6541, 0.6189, 0.5812, 0.5416, 0.5004, 0.4581, 0.4151, 0.3721, 0.3295, 0.2876, 0.2471, 0.2084, 0.1719, 0.1381, 0.1073, 0.0798, 0.0560, 0.0361, 0.0205, 0.0091, 0.0023, 0.0000, },
	{0.0000, 0.0022, 0.0086, 0.0194, 0.0342, 0.0530, 0.0755, 0.1015, 0.1307, 0.1627, 0.1972, 0.2338, 0.2722, 0.3117, 0.3521, 0.3928, 0.4334, 0.4734, 0.5124, 0.5499, 0.5855, 0.6189, 0.6495, 0.6771, 0.7014, 0.7221, 0.7389, 0.7517, 0.7603, 0.7647, 0.7647, 0.7603, 0.7517, 0.7389, 0.7221, 0.7014, 0.6771, 0.6495, 0.6189, 0.5855, 0.5499, 0.5124, 0.4734, 0.4334, 0.3928, 0.3521, 0.3117, 0.2722, 0.2338, 0.1972, 0.1627, 0.1307, 0.1015, 0.0755, 0.0530, 0.0342, 0.0194, 0.0086, 0.0022, 0.0000, },
	{0.0000, 0.0020, 0.0081, 0.0182, 0.0321, 0.0497, 0.0709, 0.0953, 0.1227, 0.1528, 0.1852, 0.2196, 0.2556, 0.2927, 0.3307, 0.3689, 0.4070, 0.4446, 0.4812, 0.5165, 0.5499, 0.5812, 0.6100, 0.6359, 0.6588, 0.6782, 0.6940, 0.7060, 0.7141, 0.7181, 0.7181, 0.7141, 0.7060, 0.6940, 0.6782, 0.6588, 0.6359, 0.6100, 0.5812, 0.5499, 0.5165, 0.4812, 0.4446, 0.4070, 0.3689, 0.3307, 0.2927, 0.2556, 0.2196, 0.1852, 0.1528, 0.1227, 0.0953, 0.0709, 0.0497, 0.0321, 0.0182, 0.0081, 0.0020, 0.0000, },
	{0.0000, 0.0019, 0.0076, 0.0169, 0.0299, 0.0464, 0.0661, 0.0888, 0.1143, 0.1424, 0.1726, 0.2046, 0.2382, 0.2728, 0.3081, 0.3437, 0.3792, 0.4143, 0.4484, 0.4812, 0.5124, 0.5416, 0.5684, 0.5926, 0.6138, 0.6319, 0.6466, 0.6578, 0.6654, 0.6691, 0.6691, 0.6654, 0.6578, 0.6466, 0.6319, 0.6138, 0.5926, 0.5684, 0.5416, 0.5124, 0.4812, 0.4484, 0.4143, 0.3792, 0.3437, 0.3081, 0.2728, 0.2382, 0.2046, 0.1726, 0.1424, 0.1143, 0.0888, 0.0661, 0.0464, 0.0299, 0.0169, 0.0076, 0.0019, 0.0000, },
	{0.0000, 0.0018, 0.0070, 0.0157, 0.0276, 0.0428, 0.0610, 0.0820, 0.1056, 0.1315, 0.1594, 0.1891, 0.2200, 0.2520, 0.2847, 0.3176, 0.3504, 0.3827, 0.4143, 0.4446, 0.4734, 0.5004, 0.5251, 0.5475, 0.5671, 0.5838, 0.5974, 0.6078, 0.6147, 0.6182, 0.6182, 0.6147, 0.6078, 0.5974, 0.5838, 0.5671, 0.5475, 0.5251, 0.5004, 0.4734, 0.4446, 0.4143, 0.3827, 0.3504, 0.3176, 0.2847, 0.2520, 0.2200, 0.1891, 0.1594, 0.1315, 0.1056, 0.0820, 0.0610, 0.0428, 0.0276, 0.0157, 0.0070, 0.0018, 0.0000, },
	{0.0000, 0.0016, 0.0064, 0.0143, 0.0253, 0.0392, 0.0559, 0.0751, 0.0967, 0.1204, 0.1460, 0.1731, 0.2014, 0.2307, 0.2606, 0.2907, 0.3208, 0.3504, 0.3792, 0.4070, 0.4334, 0.4581, 0.4807, 0.5012, 0.5192, 0.5345, 0.5469, 0.5564, 0.5628, 0.5660, 0.5660, 0.5628, 0.5564, 0.5469, 0.5345, 0.5192, 0.5012, 0.4807, 0.4581, 0.4334, 0.4070, 0.3792, 0.3504, 0.3208, 0.2907, 0.2606, 0.2307, 0.2014, 0.1731, 0.1460, 0.1204, 0.0967, 0.0751, 0.0559, 0.0392, 0.0253, 0.0143, 0.0064, 0.0016, 0.0000, },
	{0.0000, 0.0015, 0.0058, 0.0130, 0.0229, 0.0355, 0.0506, 0.0681, 0.0876, 0.1091, 0.1323, 0.1569, 0.1826, 0.2091, 0.2362, 0.2635, 0.2907, 0.3176, 0.3437, 0.3689, 0.3928, 0.4151, 0.4357, 0.4542, 0.4705, 0.4844, 0.4957, 0.5043, 0.5100, 0.5129, 0.5129, 0.5100, 0.5043, 0.4957, 0.4844, 0.4705, 0.4542, 0.4357, 0.4151, 0.3928, 0.3689, 0.3437, 0.3176, 0.2907, 0.2635, 0.2362, 0.2091, 0.1826, 0.1569, 0.1323, 0.1091, 0.0876, 0.0681, 0.0506, 0.0355, 0.0229, 0.0130, 0.0058, 0.0015, 0.0000, },
	{0.0000, 0.0013, 0.0052, 0.0116, 0.0206, 0.0318, 0.0454, 0.0610, 0.0786, 0.0978, 0.1186, 0.1406, 0.1636, 0.1874, 0.2117, 0.2362, 0.2606, 0.2847, 0.3081, 0.3307, 0.3521, 0.3721, 0.3905, 0.4072, 0.4218, 0.4342, 0.4443, 0.4520, 0.4572, 0.4598, 0.4598, 0.4572, 0.4520, 0.4443, 0.4342, 0.4218, 0.4072, 0.3905, 0.3721, 0.3521, 0.3307, 0.3081, 0.2847, 0.2606, 0.2362, 0.2117, 0.1874, 0.1636, 0.1406, 0.1186, 0.0978, 0.0786, 0.0610, 0.0454, 0.0318, 0.0206, 0.0116, 0.0052, 0.0013, 0.0000, },
	{0.0000, 0.0012, 0.0046, 0.0103, 0.0182, 0.0282, 0.0402, 0.0540, 0.0696, 0.0866, 0.1050, 0.1245, 0.1449, 0.1659, 0.1874, 0.2091, 0.2307, 0.2520, 0.2728, 0.2927, 0.3117, 0.3295, 0.3458, 0.3605, 0.3734, 0.3844, 0.3934, 0.4002, 0.4048, 0.4071, 0.4071, 0.4048, 0.4002, 0.3934, 0.3844, 0.3734, 0.3605, 0.3458, 0.3295, 0.3117, 0.2927, 0.2728, 0.2520, 0.2307, 0.2091, 0.1874, 0.1659, 0.1449, 0.1245, 0.1050, 0.0866, 0.0696, 0.0540, 0.0402, 0.0282, 0.0182, 0.0103, 0.0046, 0.0012, 0.0000, },
	{0.0000, 0.0010, 0.0040, 0.0090, 0.0159, 0.0246, 0.0351, 0.0472, 0.0607, 0.0756, 0.0917, 0.1087, 0.1265, 0.1449, 0.1636, 0.1826, 0.2014, 0.2200, 0.2382, 0.2556, 0.2722, 0.2876, 0.3019, 0.3147, 0.3260, 0.3356, 0.3434, 0.3494, 0.3534, 0.3554, 0.3554, 0.3534, 0.3494, 0.3434, 0.3356, 0.3260, 0.3147, 0.3019, 0.2876, 0.2722, 0.2556, 0.2382, 0.2200, 0.2014, 0.1826, 0.1636, 0.1449, 0.1265, 0.1087, 0.0917, 0.0756, 0.0607, 0.0472, 0.0351, 0.0246, 0.0159, 0.0090, 0.0040, 0.0010, 0.0000, },
	{0.0000, 0.0009, 0.0035, 0.0077, 0.0137, 0.0212, 0.0301, 0.0405, 0.0522, 0.0650, 0.0788, 0.0934, 0.1087, 0.1245, 0.1406, 0.1569, 0.1731, 0.1891, 0.2046, 0.2196, 0.2338, 0.2471, 0.2594, 0.2704, 0.2801, 0.2884, 0.2951, 0.3002, 0.3036, 0.3054, 0.3054, 0.3036, 0.3002, 0.2951, 0.2884, 0.2801, 0.2704, 0.2594, 0.2471, 0.2338, 0.2196, 0.2046, 0.1891, 0.1731, 0.1569, 0.1406, 0.1245, 0.1087, 0.0934, 0.0788, 0.0650, 0.0522, 0.0405, 0.0301, 0.0212, 0.0137, 0.0077, 0.0035, 0.0009, 0.0000, },
	{0.0000, 0.0007, 0.0029, 0.0065, 0.0115, 0.0178, 0.0254, 0.0342, 0.0440, 0.0548, 0.0664, 0.0788, 0.0917, 0.1050, 0.1186, 0.1323, 0.1460, 0.1594, 0.1726, 0.1852, 0.1972, 0.2084, 0.2188, 0.2281, 0.2362, 0.2432, 0.2489, 0.2532, 0.2561, 0.2575, 0.2575, 0.2561, 0.2532, 0.2489, 0.2432, 0.2362, 0.2281, 0.2188, 0.2084, 0.1972, 0.1852, 0.1726, 0.1594, 0.1460, 0.1323, 0.1186, 0.1050, 0.0917, 0.0788, 0.0664, 0.0548, 0.0440, 0.0342, 0.0254, 0.0178, 0.0115, 0.0065, 0.0029, 0.0007, 0.0000, },
	{0.0000, 0.0006, 0.0024, 0.0054, 0.0095, 0.0147, 0.0210, 0.0282, 0.0363, 0.0452, 0.0548, 0.0650, 0.0756, 0.0866, 0.0978, 0.1091, 0.1204, 0.1315, 0.1424, 0.1528, 0.1627, 0.1719, 0.1805, 0.1881, 0.1949, 0.2006, 0.2053, 0.2089, 0.2113, 0.2125, 0.2125, 0.2113, 0.2089, 0.2053, 0.2006, 0.1949, 0.1881, 0.1805, 0.1719, 0.1627, 0.1528, 0.1424, 0.1315, 0.1204, 0.1091, 0.0978, 0.0866, 0.0756, 0.0650, 0.0548, 0.0452, 0.0363, 0.0282, 0.0210, 0.0147, 0.0095, 0.0054, 0.0024, 0.0006, 0.0000, },
	{0.0000, 0.0005, 0.0019, 0.0043, 0.0076, 0.0118, 0.0168, 0.0226, 0.0292, 0.0363, 0.0440, 0.0522, 0.0607, 0.0696, 0.0786, 0.0876, 0.0967, 0.1056, 0.1143, 0.1227, 0.1307, 0.1381, 0.1449, 0.1511, 0.1565, 0.1611, 0.1649, 0.1677, 0.1697, 0.1706, 0.1706, 0.1697, 0.1677, 0.1649, 0.1611, 0.1565, 0.1511, 0.1449, 0.1381, 0.1307, 0.1227, 0.1143, 0.1056, 0.0967, 0.0876, 0.0786, 0.0696, 0.0607, 0.0522, 0.0440, 0.0363, 0.0292, 0.0226, 0.0168, 0.0118, 0.0076, 0.0043, 0.0019, 0.0005, 0.0000, },
	{0.0000, 0.0004, 0.0015, 0.0034, 0.0059, 0.0092, 0.0131, 0.0176, 0.0226, 0.0282, 0.0342, 0.0405, 0.0472, 0.0540, 0.0610, 0.0681, 0.0751, 0.0820, 0.0888, 0.0953, 0.1015, 0.1073, 0.1126, 0.1174, 0.1216, 0.1251, 0.1281, 0.1303, 0.1318, 0.1325, 0.1325, 0.1318, 0.1303, 0.1281, 0.1251, 0.1216, 0.1174, 0.1126, 0.1073, 0.1015, 0.0953, 0.0888, 0.0820, 0.0751, 0.0681, 0.0610, 0.0540, 0.0472, 0.0405, 0.0342, 0.0282, 0.0226, 0.0176, 0.0131, 0.0092, 0.0059, 0.0034, 0.0015, 0.0004, 0.0000, },
	{0.0000, 0.0003, 0.0011, 0.0025, 0.0044, 0.0068, 0.0097, 0.0131, 0.0168, 0.0210, 0.0254, 0.0301, 0.0351, 0.0402, 0.0454, 0.0506, 0.0559, 0.0610, 0.0661, 0.0709, 0.0755, 0.0798, 0.0837, 0.0873, 0.0904, 0.0931, 0.0953, 0.0969, 0.0980, 0.0986, 0.0986, 0.0980, 0.0969, 0.0953, 0.0931, 0.0904, 0.0873, 0.0837, 0.0798, 0.0755, 0.0709, 0.0661, 0.0610, 0.0559, 0.0506, 0.0454, 0.0402, 0.0351, 0.0301, 0.0254, 0.0210, 0.0168, 0.0131, 0.0097, 0.0068, 0.0044, 0.0025, 0.0011, 0.0003, 0.0000, },
	{0.0000, 0.0002, 0.0008, 0.0018, 0.0031, 0.0048, 0.0068, 0.0092, 0.0118, 0.0147, 0.0178, 0.0212, 0.0246, 0.0282, 0.0318, 0.0355, 0.0392, 0.0428, 0.0464, 0.0497, 0.0530, 0.0560, 0.0588, 0.0613, 0.0635, 0.0653, 0.0668, 0.0680, 0.0688, 0.0692, 0.0692, 0.0688, 0.0680, 0.0668, 0.0653, 0.0635, 0.0613, 0.0588, 0.0560, 0.0530, 0.0497, 0.0464, 0.0428, 0.0392, 0.0355, 0.0318, 0.0282, 0.0246, 0.0212, 0.0178, 0.0147, 0.0118, 0.0092, 0.0068, 0.0048, 0.0031, 0.0018, 0.0008, 0.0002, 0.0000, },
	{0.0000, 0.0001, 0.0005, 0.0011, 0.0020, 0.0031, 0.0044, 0.0059, 0.0076, 0.0095, 0.0115, 0.0137, 0.0159, 0.0182, 0.0206, 0.0229, 0.0253, 0.0276, 0.0299, 0.0321, 0.0342, 0.0361, 0.0379, 0.0395, 0.0410, 0.0422, 0.0431, 0.0439, 0.0444, 0.0447, 0.0447, 0.0444, 0.0439, 0.0431, 0.0422, 0.0410, 0.0395, 0.0379, 0.0361, 0.0342, 0.0321, 0.0299, 0.0276, 0.0253, 0.0229, 0.0206, 0.0182, 0.0159, 0.0137, 0.0115, 0.0095, 0.0076, 0.0059, 0.0044, 0.0031, 0.0020, 0.0011, 0.0005, 0.0001, 0.0000, },
	{0.0000, 0.0001, 0.0003, 0.0006, 0.0011, 0.0018, 0.0025, 0.0034, 0.0043, 0.0054, 0.0065, 0.0077, 0.0090, 0.0103, 0.0116, 0.0130, 0.0143, 0.0157, 0.0169, 0.0182, 0.0194, 0.0205, 0.0215, 0.0224, 0.0232, 0.0239, 0.0244, 0.0249, 0.0251, 0.0253, 0.0253, 0.0251, 0.0249, 0.0244, 0.0239, 0.0232, 0.0224, 0.0215, 0.0205, 0.0194, 0.0182, 0.0169, 0.0157, 0.0143, 0.0130, 0.0116, 0.0103, 0.0090, 0.0077, 0.0065, 0.0054, 0.0043, 0.0034, 0.0025, 0.0018, 0.0011, 0.0006, 0.0003, 0.0001, 0.0000, },
	{0.0000, 0.0000, 0.0001, 0.0003, 0.0005, 0.0008, 0.0011, 0.0015, 0.0019, 0.0024, 0.0029, 0.0035, 0.0040, 0.0046, 0.0052, 0.0058, 0.0064, 0.0070, 0.0076, 0.0081, 0.0086, 0.0091, 0.0096, 0.0100, 0.0104, 0.0107, 0.0109, 0.0111, 0.0112, 0.0113, 0.0113, 0.0112, 0.0111, 0.0109, 0.0107, 0.0104, 0.0100, 0.0096, 0.0091, 0.0086, 0.0081, 0.0076, 0.0070, 0.0064, 0.0058, 0.0052, 0.0046, 0.0040, 0.0035, 0.0029, 0.0024, 0.0019, 0.0015, 0.0011, 0.0008, 0.0005, 0.0003, 0.0001, 0.0000, 0.0000, },
	{0.0000, 0.0000, 0.0000, 0.0001, 0.0001, 0.0002, 0.0003, 0.0004, 0.0005, 0.0006, 0.0007, 0.0009, 0.0010, 0.0012, 0.0013, 0.0015, 0.0016, 0.0018, 0.0019, 0.0020, 0.0022, 0.0023, 0.0024, 0.0025, 0.0026, 0.0027, 0.0027, 0.0028, 0.0028, 0.0028, 0.0028, 0.0028, 0.0028, 0.0027, 0.0027, 0.0026, 0.0025, 0.0024, 0.0023, 0.0022, 0.0020, 0.0019, 0.0018, 0.0016, 0.0015, 0.0013, 0.0012, 0.0010, 0.0009, 0.0007, 0.0006, 0.0005, 0.0004, 0.0003, 0.0002, 0.0001, 0.0001, 0.0000, 0.0000, 0.0000, },
	{0.0000, 0.0000, 0.0000, 0.0000, 0.0000, 0.0000, 0.0000, 0.0000, 0.0000, 0.0000, 0.0000, 0.0000, 0.0000, 0.0000, 0.0000, 0.0000, 0.0000, 0.0000, 0.0000, 0.0000, 0.0000, 0.0000, 0.0000, 0.0000, 0.0000, 0.0000, 0.0000, 0.0000, 0.0000, 0.0000, 0.0000, 0.0000, 0.0000, 0.0000, 0.0000, 0.0000, 0.0000, 0.0000, 0.0000, 0.0000, 0.0000, 0.0000, 0.0000, 0.0000, 0.0000, 0.0000, 0.0000, 0.0000, 0.0000, 0.0000, 0.0000, 0.0000, 0.0000, 0.0000, 0.0000, 0.0000, 0.0000, 0.0000, 0.0000, 0.0000, }
};
constexpr const float *kHann60x60Raw = &kHann60x60[0][0];

}  // namespace Mosse
