namespace Mosse {
constexpr const unsigned kHann75x75Height = 75;  // Number of rows
constexpr const unsigned kHann75x75Width = 75;  // Number of columns
constexpr const float kHann75x75[kHann75x75Height][kHann75x75Width] = {
	{0.00000000000000000000f, 0.00000000000000000000f, 0.00000000000000000000f, 0.00000000000000000000f, 0.00000000000000000000f, 0.00000000000000000000f, 0.00000000000000000000f, 0.00000000000000000000f, 0.00000000000000000000f, 0.00000000000000000000f, 0.00000000000000000000f, 0.00000000000000000000f, 0.00000000000000000000f, 0.00000000000000000000f, 0.00000000000000000000f, 0.00000000000000000000f, 0.00000000000000000000f, 0.00000000000000000000f, 0.00000000000000000000f, 0.00000000000000000000f, 0.00000000000000000000f, 0.00000000000000000000f, 0.00000000000000000000f, 0.00000000000000000000f, 0.00000000000000000000f, 0.00000000000000000000f, 0.00000000000000000000f, 0.00000000000000000000f, 0.00000000000000000000f, 0.00000000000000000000f, 0.00000000000000000000f, 0.00000000000000000000f, 0.00000000000000000000f, 0.00000000000000000000f, 0.00000000000000000000f, 0.00000000000000000000f, 0.00000000000000000000f, 0.00000000000000000000f, 0.00000000000000000000f, 0.00000000000000000000f, 0.00000000000000000000f, 0.00000000000000000000f, 0.00000000000000000000f, 0.00000000000000000000f, 0.00000000000000000000f, 0.00000000000000000000f, 0.00000000000000000000f, 0.00000000000000000000f, 0.00000000000000000000f, 0.00000000000000000000f, 0.00000000000000000000f, 0.00000000000000000000f, 0.00000000000000000000f, 0.00000000000000000000f, 0.00000000000000000000f, 0.00000000000000000000f, 0.00000000000000000000f, 0.00000000000000000000f, 0.00000000000000000000f, 0.00000000000000000000f, 0.00000000000000000000f, 0.00000000000000000000f, 0.00000000000000000000f, 0.00000000000000000000f, 0.00000000000000000000f, 0.00000000000000000000f, 0.00000000000000000000f, 0.00000000000000000000f, 0.00000000000000000000f, 0.00000000000000000000f, 0.00000000000000000000f, 0.00000000000000000000f, 0.00000000000000000000f, 0.00000000000000000000f, 0.00000000000000000000f, },
	{0.00000000000000000000f, 0.00000324452220030692f, 0.00001295471194442650f, 0.00002906060709274376f, 0.00005144616430164945f, 0.00007995009511848955f, 0.00011436702806856257f, 0.00015444898836130104f, 0.00019990718455431991f, 0.00025041408930237617f, 0.00030560579919939717f, 0.00036508465671085969f, 0.00042842211530543889f, 0.00049516182714258612f, 0.00056482293106917779f, 0.00063690351723514238f, 0.00071088424336543138f, 0.00078623207663301178f, 0.00086240413417259848f, 0.00093885159456414053f, 0.00101502365210372745f, 0.00109037148537130773f, 0.00116435221150159641f, 0.00123643279766756133f, 0.00130609390159415321f, 0.00137283361343130028f, 0.00143617107202587959f, 0.00149564992953734200f, 0.00155084163943436295f, 0.00160134854418241945f, 0.00164680674037543827f, 0.00168688870066817636f, 0.00172130563361824968f, 0.00174980956443508977f, 0.00177219512164399550f, 0.00178830101679231272f, 0.00179801120653643224f, 0.00180125572873673923f, 0.00179801120653643224f, 0.00178830101679231272f, 0.00177219512164399550f, 0.00174980956443508977f, 0.00172130563361824968f, 0.00168688870066817679f, 0.00164680674037543848f, 0.00160134854418241923f, 0.00155084163943436317f, 0.00149564992953734200f, 0.00143617107202587938f, 0.00137283361343130093f, 0.00130609390159415343f, 0.00123643279766756154f, 0.00116435221150159663f, 0.00109037148537130752f, 0.00101502365210372788f, 0.00093885159456414085f, 0.00086240413417259870f, 0.00078623207663301243f, 0.00071088424336543127f, 0.00063690351723514282f, 0.00056482293106917801f, 0.00049516182714258612f, 0.00042842211530543938f, 0.00036508465671085947f, 0.00030560579919939750f, 0.00025041408930237638f, 0.00019990718455431991f, 0.00015444898836130142f, 0.00011436702806856236f, 0.00007995009511848964f, 0.00005144616430164955f, 0.00002906060709274376f, 0.00001295471194442660f, 0.00000324452220030702f, 0.00000000000000000000f, },
	{0.00000000000000000000f, 0.00001295471194442650f, 0.00005172550878129016f, 0.00011603304603095024f, 0.00020541398641391948f, 0.00031922433820657918f, 0.00045664409521630460f, 0.00061668314494487417f, 0.00079818840237170792f, 0.00099985211795786144f, 0.00122022130001142354f, 0.00145770818352594991f, 0.00171060167006371975f, 0.00197707965625918683f, 0.00225522216211548367f, 0.00254302516450429514f, 0.00283841503619841964f, 0.00313926348640345852f, 0.00344340289514175535f, 0.00374864193100401481f, 0.00405278133974231337f, 0.00435362978994735094f, 0.00464901966164147501f, 0.00493682266403028779f, 0.00521496516988658506f, 0.00548144315608205170f, 0.00573433664261982154f, 0.00597182352613434726f, 0.00619219270818790937f, 0.00639385642377406430f, 0.00657536168120089696f, 0.00673540073092946615f, 0.00687282048793919163f, 0.00698663083973185238f, 0.00707601178011482181f, 0.00714031931736448106f, 0.00717909011420134451f, 0.00719204482614577145f, 0.00717909011420134451f, 0.00714031931736448106f, 0.00707601178011482181f, 0.00698663083973185238f, 0.00687282048793919249f, 0.00673540073092946789f, 0.00657536168120089783f, 0.00639385642377406343f, 0.00619219270818791023f, 0.00597182352613434726f, 0.00573433664261982067f, 0.00548144315608205344f, 0.00521496516988658593f, 0.00493682266403028865f, 0.00464901966164147588f, 0.00435362978994735094f, 0.00405278133974231510f, 0.00374864193100401654f, 0.00344340289514175621f, 0.00313926348640346069f, 0.00283841503619841878f, 0.00254302516450429688f, 0.00225522216211548453f, 0.00197707965625918683f, 0.00171060167006372170f, 0.00145770818352594926f, 0.00122022130001142484f, 0.00099985211795786230f, 0.00079818840237170792f, 0.00061668314494487579f, 0.00045664409521630378f, 0.00031922433820657955f, 0.00020541398641391989f, 0.00011603304603095024f, 0.00005172550878129056f, 0.00001295471194442690f, 0.00000000000000000000f, },
	{0.00000000000000000000f, 0.00002906060709274376f, 0.00011603304603095024f, 0.00026029067839909996f, 0.00046079412465032521f, 0.00071609875285986015f, 0.00102436508733116222f, 0.00138337206206045910f, 0.00179053302356820140f, 0.00224291436779665244f, 0.00273725667679435361f, 0.00326999820289714709f, 0.00383730053120171985f, 0.00443507623543293317f, 0.00505901832794380252f, 0.00570463129166018813f, 0.00636726347038432672f, 0.00704214058408433007f, 0.00772440012769121283f, 0.00840912640555934940f, 0.00909138594916623563f, 0.00976626306286623724f, 0.01042889524159037323f, 0.01107450820530675971f, 0.01169845029781763253f, 0.01229622600204884238f, 0.01286352833035341731f, 0.01339626985645620862f, 0.01389061216545391109f, 0.01434299350968236408f, 0.01475015447119010573f, 0.01510916144591939979f, 0.01541742778039070262f, 0.01567273240860023870f, 0.01587323585485146335f, 0.01601749348721961258f, 0.01610446592615781894f, 0.01613352653325056396f, 0.01610446592615781894f, 0.01601749348721961258f, 0.01587323585485146335f, 0.01567273240860023870f, 0.01541742778039070436f, 0.01510916144591940326f, 0.01475015447119010746f, 0.01434299350968236235f, 0.01389061216545391282f, 0.01339626985645620862f, 0.01286352833035341557f, 0.01229622600204884932f, 0.01169845029781763426f, 0.01107450820530676144f, 0.01042889524159037497f, 0.00976626306286623551f, 0.00909138594916623910f, 0.00840912640555935287f, 0.00772440012769121456f, 0.00704214058408433527f, 0.00636726347038432498f, 0.00570463129166019160f, 0.00505901832794380425f, 0.00443507623543293317f, 0.00383730053120172419f, 0.00326999820289714535f, 0.00273725667679435621f, 0.00224291436779665461f, 0.00179053302356820140f, 0.00138337206206046257f, 0.00102436508733116049f, 0.00071609875285986101f, 0.00046079412465032608f, 0.00026029067839909996f, 0.00011603304603095114f, 0.00002906060709274466f, 0.00000000000000000000f, },
	{0.00000000000000000000f, 0.00005144616430164945f, 0.00020541398641391948f, 0.00046079412465032521f, 0.00081574655926285229f, 0.00126771384982640170f, 0.00181343956165565473f, 0.00244899172849160620f, 0.00316979118240856084f, 0.00397064454682396258f, 0.00484578165489568929f, 0.00578889712370636144f, 0.00679319578469175962f, 0.00785144164298603141f, 0.00895601001293051813f, 0.01009894245410864443f, 0.01127200411209148580f, 0.01246674305075263535f, 0.01367455114866164903f, 0.01488672612079624223f, 0.01609453421870526285f, 0.01728927315736640893f, 0.01846233481534924684f, 0.01960526725652737834f, 0.02070983562647186679f, 0.02176808148476613511f, 0.02277238014575153416f, 0.02371549561456220631f, 0.02459063272263393302f, 0.02539148608704933779f, 0.02611228554096629156f, 0.02674783770780223696f, 0.02729356341963149260f, 0.02774553071019504255f, 0.02810048314480757120f, 0.02835586328304397566f, 0.02850983110515624419f, 0.02856127726945789647f, 0.02850983110515624419f, 0.02835586328304397566f, 0.02810048314480757120f, 0.02774553071019504255f, 0.02729356341963149607f, 0.02674783770780224390f, 0.02611228554096629503f, 0.02539148608704933432f, 0.02459063272263393649f, 0.02371549561456220631f, 0.02277238014575153069f, 0.02176808148476614552f, 0.02070983562647187026f, 0.01960526725652738181f, 0.01846233481534925031f, 0.01728927315736640546f, 0.01609453421870526979f, 0.01488672612079624917f, 0.01367455114866165250f, 0.01246674305075264576f, 0.01127200411209148406f, 0.01009894245410864963f, 0.00895601001293051986f, 0.00785144164298603141f, 0.00679319578469176743f, 0.00578889712370635797f, 0.00484578165489569449f, 0.00397064454682396605f, 0.00316979118240856084f, 0.00244899172849161227f, 0.00181343956165565148f, 0.00126771384982640322f, 0.00081574655926285392f, 0.00046079412465032521f, 0.00020541398641392108f, 0.00005144616430165104f, 0.00000000000000000000f, },
	{0.00000000000000000000f, 0.00007995009511848955f, 0.00031922433820657918f, 0.00071609875285986015f, 0.00126771384982640170f, 0.00197009522969232923f, 0.00281818221852067488f, 0.00380586433012306121f, 0.00492602529225271389f, 0.00617059431950905523f, 0.00753060426353147419f, 0.00899625622150872911f, 0.01055699013749826325f, 0.01220156088787123158f, 0.01391811930268594191f, 0.01569429753922881726f, 0.01751729819260453014f, 0.01937398650133155542f, 0.02125098498359958427f, 0.02313476982233256263f, 0.02501176830460060188f, 0.02686845661332762022f, 0.02869145726670332963f, 0.03046763550324620845f, 0.03218419391806092572f, 0.03382876466843388885f, 0.03538949858442342472f, 0.03685515054240067617f, 0.03821516048642309427f, 0.03945972951367944515f, 0.04057989047580909392f, 0.04156757258741147071f, 0.04241565957623982114f, 0.04311804095610575344f, 0.04366965605307229770f, 0.04406653046772557314f, 0.04430580471081366212f, 0.04438575480593215383f, 0.04430580471081366212f, 0.04406653046772557314f, 0.04366965605307229770f, 0.04311804095610575344f, 0.04241565957623982808f, 0.04156757258741148459f, 0.04057989047580910086f, 0.03945972951367943821f, 0.03821516048642310120f, 0.03685515054240067617f, 0.03538949858442341778f, 0.03382876466843390273f, 0.03218419391806093266f, 0.03046763550324621192f, 0.02869145726670333310f, 0.02686845661332761329f, 0.02501176830460061229f, 0.02313476982233257304f, 0.02125098498359958774f, 0.01937398650133156930f, 0.01751729819260452667f, 0.01569429753922882767f, 0.01391811930268594712f, 0.01220156088787123158f, 0.01055699013749827539f, 0.00899625622150872391f, 0.00753060426353148113f, 0.00617059431950906043f, 0.00492602529225271389f, 0.00380586433012307119f, 0.00281818221852066968f, 0.00197009522969233183f, 0.00126771384982640408f, 0.00071609875285986015f, 0.00031922433820658161f, 0.00007995009511849201f, 0.00000000000000000000f, },
	{0.00000000000000000000f, 0.00011436702806856257f, 0.00045664409521630460f, 0.00102436508733116222f, 0.00181343956165565473f, 0.00281818221852067488f, 0.00403135386405988148f, 0.00544421356876740193f, 0.00704658164609521780f, 0.00882691299732799549f, 0.01077238029428390954f, 0.01286896640050811010f, 0.01510156536506209769f, 0.01745409126124636626f, 0.01990959408607090309f, 0.02245038188541513199f, 0.02505814822496276253f, 0.02771410408848052828f, 0.03039911325311068016f, 0.03309383016629523222f, 0.03577883933092539798f, 0.03843479519444315679f, 0.04104256153399078039f, 0.04358334933333501277f, 0.04603885215815956000f, 0.04839137805434381989f, 0.05062397701889781443f, 0.05272056312512200804f, 0.05466603042207792557f, 0.05644636177331071453f, 0.05804872985063851826f, 0.05946158955534603524f, 0.06067476120088524660f, 0.06167950385775027022f, 0.06246857833207476729f, 0.06303629932418962356f, 0.06337857639133735732f, 0.06349294341940592279f, 0.06337857639133735732f, 0.06303629932418962356f, 0.06246857833207476729f, 0.06167950385775027022f, 0.06067476120088525354f, 0.05946158955534604912f, 0.05804872985063852520f, 0.05644636177331070759f, 0.05466603042207793250f, 0.05272056312512200804f, 0.05062397701889780749f, 0.04839137805434384071f, 0.04603885215815956694f, 0.04358334933333502664f, 0.04104256153399078733f, 0.03843479519444314985f, 0.03577883933092541185f, 0.03309383016629524610f, 0.03039911325311068710f, 0.02771410408848054910f, 0.02505814822496275560f, 0.02245038188541514587f, 0.01990959408607091002f, 0.01745409126124636626f, 0.01510156536506211504f, 0.01286896640050810316f, 0.01077238029428391995f, 0.00882691299732800243f, 0.00704658164609521780f, 0.00544421356876741581f, 0.00403135386405987454f, 0.00281818221852067835f, 0.00181343956165565820f, 0.00102436508733116222f, 0.00045664409521630812f, 0.00011436702806856609f, 0.00000000000000000000f, },
	{0.00000000000000000000f, 0.00015444898836130104f, 0.00061668314494487417f, 0.00138337206206045910f, 0.00244899172849160620f, 0.00380586433012306121f, 0.00544421356876740193f, 0.00735223510061750948f, 0.00951618158681419822f, 0.01192046174333769373f, 0.01454775267656630011f, 0.01737912469512186558f, 0.02039417769872996569f, 0.02357118816140981593f, 0.02688726564997678120f, 0.03031851775013800349f, 0.03384022221188485308f, 0.03742700507387079073f, 0.04105302348338423640f, 0.04469215189469465110f, 0.04831817030420811759f, 0.05190495316619404831f, 0.05542665762794089096f, 0.05885790972810212018f, 0.06217398721666909933f, 0.06535099767934893222f, 0.06836605068295704968f, 0.07119742270151260821f, 0.07382471363474120418f, 0.07622899379126471531f, 0.07839294027746139537f, 0.08030096180931149685f, 0.08193931104795584841f, 0.08329618364958729648f, 0.08436180331601846050f, 0.08512849223313403990f, 0.08559072638971759739f, 0.08574517537807890832f, 0.08559072638971759739f, 0.08512849223313403990f, 0.08436180331601846050f, 0.08329618364958729648f, 0.08193931104795584841f, 0.08030096180931151073f, 0.07839294027746140925f, 0.07622899379126471531f, 0.07382471363474121806f, 0.07119742270151260821f, 0.06836605068295703580f, 0.06535099767934895998f, 0.06217398721666911321f, 0.05885790972810213406f, 0.05542665762794089790f, 0.05190495316619404137f, 0.04831817030420813841f, 0.04469215189469467192f, 0.04105302348338425028f, 0.03742700507387081849f, 0.03384022221188484614f, 0.03031851775013802083f, 0.02688726564997679161f, 0.02357118816140981593f, 0.02039417769872998998f, 0.01737912469512185518f, 0.01454775267656631399f, 0.01192046174333770414f, 0.00951618158681419822f, 0.00735223510061752857f, 0.00544421356876739239f, 0.00380586433012306598f, 0.00244899172849161097f, 0.00138337206206045910f, 0.00061668314494487894f, 0.00015444898836130578f, 0.00000000000000000000f, },
	{0.00000000000000000000f, 0.00019990718455431991f, 0.00079818840237170792f, 0.00179053302356820140f, 0.00316979118240856084f, 0.00492602529225271389f, 0.00704658164609521780f, 0.00951618158681419822f, 0.01231703159024603519f, 0.01542895146793465955f, 0.01882951976585185358f, 0.02249423531148728173f, 0.02639669374535787844f, 0.03050877776502297634f, 0.03480085971089268843f, 0.03924201503419421505f, 0.04380024510905431573f, 0.04844270778333203270f, 0.05313595400707739336f, 0.05784616883370283236f, 0.06253941505744821383f, 0.06718187773172591692f, 0.07174010780658600372f, 0.07618126312988754423f, 0.08047334507575727713f, 0.08458542909542235422f, 0.08848788752929295787f, 0.09215260307492838254f, 0.09555317137284558004f, 0.09866509125053421481f, 0.10146594125396604658f, 0.10393554119468501051f, 0.10605609754852751703f, 0.10781233165837167398f, 0.10919158981721203971f, 0.11018393443840852897f, 0.11078221565622591027f, 0.11098212284078023959f, 0.11078221565622591027f, 0.11018393443840852897f, 0.10919158981721203971f, 0.10781233165837167398f, 0.10605609754852753090f, 0.10393554119468503827f, 0.10146594125396604658f, 0.09866509125053420093f, 0.09555317137284559392f, 0.09215260307492838254f, 0.08848788752929294399f, 0.08458542909542239585f, 0.08047334507575729101f, 0.07618126312988755811f, 0.07174010780658601760f, 0.06718187773172590305f, 0.06253941505744822771f, 0.05784616883370285317f, 0.05313595400707740030f, 0.04844270778333207433f, 0.04380024510905430185f, 0.03924201503419423587f, 0.03480085971089270230f, 0.03050877776502297634f, 0.02639669374535790966f, 0.02249423531148726785f, 0.01882951976585187440f, 0.01542895146793467169f, 0.01231703159024603519f, 0.00951618158681422251f, 0.00704658164609520479f, 0.00492602529225271996f, 0.00316979118240856691f, 0.00179053302356820140f, 0.00079818840237171410f, 0.00019990718455432609f, 0.00000000000000000000f, },
	{0.00000000000000000000f, 0.00025041408930237617f, 0.00099985211795786144f, 0.00224291436779665244f, 0.00397064454682396258f, 0.00617059431950905523f, 0.00882691299732799549f, 0.01192046174333769373f, 0.01542895146793465955f, 0.01932710342225629763f, 0.02358683133214578911f, 0.02817744376040093313f, 0.03306586523928251725f, 0.03821687458001728210f, 0.04359335864227010388f, 0.04915657973517063156f, 0.05486645472326358991f, 0.06068184382641830105f, 0.06656084703288715765f, 0.07246110598985054663f, 0.07834010919631943792f, 0.08415549829947413518f, 0.08986537328756707965f, 0.09542859438046762122f, 0.10080507844272046380f, 0.10595608778345520784f, 0.11084450926233679890f, 0.11543512169059193251f, 0.11969484960048143440f, 0.12359300155480308636f, 0.12710149127940004177f, 0.13019504002540971399f, 0.13285135870322867246f, 0.13505130847591376164f, 0.13677903865494109303f, 0.13802210090477987081f, 0.13877153893343535662f, 0.13902195302273773203f, 0.13877153893343535662f, 0.13802210090477987081f, 0.13677903865494109303f, 0.13505130847591376164f, 0.13285135870322867246f, 0.13019504002540974175f, 0.12710149127940004177f, 0.12359300155480307248f, 0.11969484960048144828f, 0.11543512169059193251f, 0.11084450926233678503f, 0.10595608778345524947f, 0.10080507844272047768f, 0.09542859438046763509f, 0.08986537328756709353f, 0.08415549829947412130f, 0.07834010919631946568f, 0.07246110598985057438f, 0.06656084703288717153f, 0.06068184382641834962f, 0.05486645472326357603f, 0.04915657973517065932f, 0.04359335864227012469f, 0.03821687458001728210f, 0.03306586523928255889f, 0.02817744376040091578f, 0.02358683133214581340f, 0.01932710342225631150f, 0.01542895146793465955f, 0.01192046174333772496f, 0.00882691299732797988f, 0.00617059431950906304f, 0.00397064454682397039f, 0.00224291436779665244f, 0.00099985211795786903f, 0.00025041408930238392f, 0.00000000000000000000f, },
	{0.00000000000000000000f, 0.00030560579919939717f, 0.00122022130001142354f, 0.00273725667679435361f, 0.00484578165489568929f, 0.00753060426353147419f, 0.01077238029428390954f, 0.01454775267656630011f, 0.01882951976585185358f, 0.02358683133214578911f, 0.02878541083659942948f, 0.03438780239475799916f, 0.04035364064706647297f, 0.04663994159221009767f, 0.05320141228782884063f, 0.05999077718720503133f, 0.06695911876066074075f, 0.07405622994748004007f, 0.08123097589893192583f, 0.08843166240602730321f, 0.09560640835747923061f, 0.10270351954429851604f, 0.10967186111775419077f, 0.11646122601713040923f, 0.12302269671274917995f, 0.12930899765789277689f, 0.13527483591020125764f, 0.14087722746835981691f, 0.14607580697281347115f, 0.15083311853910741362f, 0.15511488562839295668f, 0.15889025801067532817f, 0.16213203404142778608f, 0.16481685665006357011f, 0.16692538162816492053f, 0.16844241700494783087f, 0.16935703250575984136f, 0.16966263830495925680f, 0.16935703250575984136f, 0.16844241700494783087f, 0.16692538162816492053f, 0.16481685665006357011f, 0.16213203404142778608f, 0.15889025801067535593f, 0.15511488562839298444f, 0.15083311853910741362f, 0.14607580697281347115f, 0.14087722746835981691f, 0.13527483591020122988f, 0.12930899765789283240f, 0.12302269671274919383f, 0.11646122601713042310f, 0.10967186111775421853f, 0.10270351954429848829f, 0.09560640835747927224f, 0.08843166240602734485f, 0.08123097589893193970f, 0.07405622994748009558f, 0.06695911876066071300f, 0.05999077718720507296f, 0.05320141228782886145f, 0.04663994159221009767f, 0.04035364064706652154f, 0.03438780239475797834f, 0.02878541083659945723f, 0.02358683133214580646f, 0.01882951976585185358f, 0.01454775267656633828f, 0.01077238029428389046f, 0.00753060426353148373f, 0.00484578165489569883f, 0.00273725667679435361f, 0.00122022130001143308f, 0.00030560579919940660f, 0.00000000000000000000f, },
	{0.00000000000000000000f, 0.00036508465671085969f, 0.00145770818352594991f, 0.00326999820289714709f, 0.00578889712370636144f, 0.00899625622150872911f, 0.01286896640050811010f, 0.01737912469512186558f, 0.02249423531148728173f, 0.02817744376040093313f, 0.03438780239475799916f, 0.04108056543828787766f, 0.04820751137989765650f, 0.05571729041076441818f, 0.06355579440088457432f, 0.07166654674939042236f, 0.07999110929975353224f, 0.08846950338804161762f, 0.09704064199056657014f, 0.10564276985729005587f, 0.11421390845981505002f, 0.12269230254810312153f, 0.13101686509846618978f, 0.13912761744697207944f, 0.14696612143709225640f, 0.15447590046795897645f, 0.16160284640956876223f, 0.16829560945309865461f, 0.17450596808745572064f, 0.18018917653636939979f, 0.18530428715273478124f, 0.18981444544734851765f, 0.19368715562634791771f, 0.19689451472415028799f, 0.19941341364495951405f, 0.20122570366433070732f, 0.20231832719114578589f, 0.20268341184785665376f, 0.20231832719114578589f, 0.20122570366433070732f, 0.19941341364495951405f, 0.19689451472415028799f, 0.19368715562634794547f, 0.18981444544734857316f, 0.18530428715273480900f, 0.18018917653636937204f, 0.17450596808745572064f, 0.16829560945309865461f, 0.16160284640956876223f, 0.15447590046795905971f, 0.14696612143709228415f, 0.13912761744697207944f, 0.13101686509846621753f, 0.12269230254810309377f, 0.11421390845981509166f, 0.10564276985729009750f, 0.09704064199056658402f, 0.08846950338804168701f, 0.07999110929975350448f, 0.07166654674939047787f, 0.06355579440088460208f, 0.05571729041076441818f, 0.04820751137989771201f, 0.04108056543828785684f, 0.03438780239475803385f, 0.02817744376040095394f, 0.02249423531148728173f, 0.01737912469512191069f, 0.01286896640050808754f, 0.00899625622150874125f, 0.00578889712370637272f, 0.00326999820289714709f, 0.00145770818352596119f, 0.00036508465671087091f, 0.00000000000000000000f, },
	{0.00000000000000000000f, 0.00042842211530543889f, 0.00171060167006371975f, 0.00383730053120171985f, 0.00679319578469175962f, 0.01055699013749826325f, 0.01510156536506209769f, 0.02039417769872996569f, 0.02639669374535787844f, 0.03306586523928251725f, 0.04035364064706647297f, 0.04820751137989765650f, 0.05657089011917500188f, 0.06538351852943562192f, 0.07458190142104266507f, 0.08409976423448164984f, 0.09386853055008045899f, 0.10381781618268443035f, 0.11387593630132325506f, 0.12397042192006088590f, 0.13402854203869973837f, 0.14397782767130370973f, 0.15374659398690246337f, 0.16326445680034148977f, 0.17246283969194858843f, 0.18127546810220915297f, 0.18963884684148651916f, 0.19749271757431768881f, 0.20478049298210163065f, 0.21144966447602631110f, 0.21745218052265419262f, 0.22274479285632203807f, 0.22728936808388588986f, 0.23105316243669241083f, 0.23400905769018245928f, 0.23613575655132043596f, 0.23741793610607872522f, 0.23784635822138416872f, 0.23741793610607872522f, 0.23613575655132043596f, 0.23400905769018245928f, 0.23105316243669241083f, 0.22728936808388591762f, 0.22274479285632209358f, 0.21745218052265422037f, 0.21144966447602628334f, 0.20478049298210165841f, 0.19749271757431768881f, 0.18963884684148649140f, 0.18127546810220923623f, 0.17246283969194861618f, 0.16326445680034151753f, 0.15374659398690249112f, 0.14397782767130368198f, 0.13402854203869979388f, 0.12397042192006092753f, 0.11387593630132326894f, 0.10381781618268451362f, 0.09386853055008043123f, 0.08409976423448170535f, 0.07458190142104269282f, 0.06538351852943562192f, 0.05657089011917506433f, 0.04820751137989762874f, 0.04035364064706651460f, 0.03306586523928254501f, 0.02639669374535787844f, 0.02039417769873001773f, 0.01510156536506207167f, 0.01055699013749827539f, 0.00679319578469177350f, 0.00383730053120171985f, 0.00171060167006373298f, 0.00042842211530545206f, 0.00000000000000000000f, },
	{0.00000000000000000000f, 0.00049516182714258612f, 0.00197707965625918683f, 0.00443507623543293317f, 0.00785144164298603141f, 0.01220156088787123158f, 0.01745409126124636626f, 0.02357118816140981593f, 0.03050877776502297634f, 0.03821687458001728210f, 0.04663994159221009767f, 0.05571729041076441818f, 0.06538351852943562192f, 0.07556898055312755158f, 0.08620028999456016972f, 0.09720084802559209036f, 0.10849139537353251483f, 0.11999058338601727158f, 0.13161556014991304675f, 0.14328256744125028588f, 0.15490754420514613043f, 0.16640673221763085943f, 0.17769727956557124227f, 0.18869783759660321842f, 0.19932914703803586431f, 0.20951460906172775234f, 0.21918083718039896302f, 0.22825818599895328354f, 0.23668125301114609216f, 0.24438934982614043956f, 0.25132693942975359302f, 0.25744403632991696984f, 0.26269656670329216697f, 0.26704668594817737581f, 0.27046305135573045497f, 0.27292104793490418180f, 0.27440296576402078976f, 0.27489812759116338814f, 0.27440296576402078976f, 0.27292104793490418180f, 0.27046305135573045497f, 0.26704668594817737581f, 0.26269656670329216697f, 0.25744403632991702535f, 0.25132693942975359302f, 0.24438934982614041180f, 0.23668125301114611991f, 0.22825818599895328354f, 0.21918083718039893526f, 0.20951460906172783560f, 0.19932914703803589207f, 0.18869783759660324618f, 0.17769727956557129778f, 0.16640673221763083167f, 0.15490754420514618594f, 0.14328256744125036914f, 0.13161556014991307451f, 0.11999058338601736873f, 0.10849139537353248708f, 0.09720084802559214587f, 0.08620028999456019747f, 0.07556898055312755158f, 0.06538351852943569131f, 0.05571729041076438349f, 0.04663994159221013930f, 0.03821687458001730986f, 0.03050877776502297634f, 0.02357118816140987838f, 0.01745409126124633503f, 0.01220156088787124546f, 0.00785144164298604702f, 0.00443507623543293317f, 0.00197707965625920200f, 0.00049516182714260141f, 0.00000000000000000000f, },
	{0.00000000000000000000f, 0.00056482293106917779f, 0.00225522216211548367f, 0.00505901832794380252f, 0.00895601001293051813f, 0.01391811930268594191f, 0.01990959408607090309f, 0.02688726564997678120f, 0.03480085971089268843f, 0.04359335864227010388f, 0.05320141228782884063f, 0.06355579440088457432f, 0.07458190142104266507f, 0.08620028999456016972f, 0.09832724936553013939f, 0.11087540451379611361f, 0.12375434569397454621f, 0.13687127983974201051f, 0.15013169914000432104f, 0.16344006196984131596f, 0.17670048127010370975f, 0.18981741541587113242f, 0.20269635659604950950f, 0.21524451174431555311f, 0.22737147111528555055f, 0.23898985968880301356f, 0.25001596670896109043f, 0.26037034882201681718f, 0.26997840246757559557f, 0.27877090139895305265f, 0.28668449545986890437f, 0.29366216702377473391f, 0.29965364180715975406f, 0.30461575109691518826f, 0.30851274278190188305f, 0.31131653894773020363f, 0.31300693817877650593f, 0.31357176110984569251f, 0.31300693817877650593f, 0.31131653894773020363f, 0.30851274278190188305f, 0.30461575109691518826f, 0.29965364180715975406f, 0.29366216702377484493f, 0.28668449545986895988f, 0.27877090139895299714f, 0.26997840246757559557f, 0.26037034882201681718f, 0.25001596670896109043f, 0.23898985968880312458f, 0.22737147111528560606f, 0.21524451174431558087f, 0.20269635659604956501f, 0.18981741541587110467f, 0.17670048127010376526f, 0.16344006196984139923f, 0.15013169914000434879f, 0.13687127983974212153f, 0.12375434569397451845f, 0.11087540451379618300f, 0.09832724936553016715f, 0.08620028999456016972f, 0.07458190142104274833f, 0.06355579440088454657f, 0.05320141228782888920f, 0.04359335864227013857f, 0.03480085971089268843f, 0.02688726564997685059f, 0.01990959408607086839f, 0.01391811930268595926f, 0.00895601001293053547f, 0.00505901832794380252f, 0.00225522216211550101f, 0.00056482293106919525f, 0.00000000000000000000f, },
	{0.00000000000000000000f, 0.00063690351723514238f, 0.00254302516450429514f, 0.00570463129166018813f, 0.01009894245410864443f, 0.01569429753922881726f, 0.02245038188541513199f, 0.03031851775013800349f, 0.03924201503419421505f, 0.04915657973517063156f, 0.05999077718720503133f, 0.07166654674939042236f, 0.08409976423448164984f, 0.09720084802559209036f, 0.11087540451379611361f, 0.12502490820624453938f, 0.13954741160459810390f, 0.15433827973908931241f, 0.16929094406587713584f, 0.18429767029584759319f, 0.19925033462263547213f, 0.21404120275712668064f, 0.22856370615548018965f, 0.24271320984792865705f, 0.25638776633613274969f, 0.26948885012724310695f, 0.28192206761233434831f, 0.29359783717451970464f, 0.30443203462655415992f, 0.31434659932753061806f, 0.32327009661158678799f, 0.33113823247630963520f, 0.33789431682249593258f, 0.34348967190761614532f, 0.34788398307006462851f, 0.35104558919722050891f, 0.35295171084448961896f, 0.35358861436172478454f, 0.35295171084448961896f, 0.35104558919722050891f, 0.34788398307006462851f, 0.34348967190761614532f, 0.33789431682249598810f, 0.33113823247630969071f, 0.32327009661158684350f, 0.31434659932753056255f, 0.30443203462655415992f, 0.29359783717451970464f, 0.28192206761233429280f, 0.26948885012724321797f, 0.25638776633613274969f, 0.24271320984792868480f, 0.22856370615548024516f, 0.21404120275712662513f, 0.19925033462263555539f, 0.18429767029584767646f, 0.16929094406587716359f, 0.15433827973908945119f, 0.13954741160459804838f, 0.12502490820624459489f, 0.11087540451379615525f, 0.09720084802559209036f, 0.08409976423448176086f, 0.07166654674939038072f, 0.05999077718720509378f, 0.04915657973517067320f, 0.03924201503419421505f, 0.03031851775013807981f, 0.02245038188541509383f, 0.01569429753922883808f, 0.01009894245410866351f, 0.00570463129166018813f, 0.00254302516450431466f, 0.00063690351723516211f, 0.00000000000000000000f, },
	{0.00000000000000000000f, 0.00071088424336543138f, 0.00283841503619841964f, 0.00636726347038432672f, 0.01127200411209148580f, 0.01751729819260453014f, 0.02505814822496276253f, 0.03384022221188485308f, 0.04380024510905431573f, 0.05486645472326358991f, 0.06695911876066074075f, 0.07999110929975353224f, 0.09386853055008045899f, 0.10849139537353251483f, 0.12375434569397454621f, 0.13954741160459810390f, 0.15575680370361985605f, 0.17226573294952901572f, 0.18895525212880751043f, 0.20570511287332923778f, 0.22239463205260778800f, 0.23890356129851691991f, 0.25511295339753864431f, 0.27090601930816221588f, 0.28616896962860433051f, 0.30079183445205631697f, 0.31466925570238329923f, 0.32770124624147606296f, 0.33979391027887317911f, 0.35086011989308252268f, 0.36082014279025192982f, 0.36960221677717397526f, 0.37714306680953224582f, 0.38338836089004529883f, 0.38829310153175250475f, 0.39182194996593838754f, 0.39394948075877134208f, 0.39466036500213680371f, 0.39394948075877134208f, 0.39182194996593838754f, 0.38829310153175250475f, 0.38338836089004529883f, 0.37714306680953230133f, 0.36960221677717408628f, 0.36082014279025198533f, 0.35086011989308246717f, 0.33979391027887323462f, 0.32770124624147606296f, 0.31466925570238324372f, 0.30079183445205642800f, 0.28616896962860438602f, 0.27090601930816227139f, 0.25511295339753869982f, 0.23890356129851689215f, 0.22239463205260787126f, 0.20570511287332932104f, 0.18895525212880753818f, 0.17226573294952915449f, 0.15575680370361980054f, 0.13954741160459818716f, 0.12375434569397458784f, 0.10849139537353251483f, 0.09386853055008057001f, 0.07999110929975347672f, 0.06695911876066079627f, 0.05486645472326363154f, 0.04380024510905431573f, 0.03384022221188494328f, 0.02505814822496271743f, 0.01751729819260455442f, 0.01127200411209150835f, 0.00636726347038432672f, 0.00283841503619844176f, 0.00071088424336545328f, 0.00000000000000000000f, },
	{0.00000000000000000000f, 0.00078623207663301178f, 0.00313926348640345852f, 0.00704214058408433007f, 0.01246674305075263535f, 0.01937398650133155542f, 0.02771410408848052828f, 0.03742700507387079073f, 0.04844270778333203270f, 0.06068184382641830105f, 0.07405622994748004007f, 0.08846950338804161762f, 0.10381781618268443035f, 0.11999058338601727158f, 0.13687127983974201051f, 0.15433827973908931241f, 0.17226573294952901572f, 0.19052447175987330397f, 0.20898294153859547917f, 0.22750814858796511442f, 0.24596661836668737289f, 0.26422535717703160563f, 0.28215281038747130893f, 0.29961981028681866634f, 0.31650050674054347466f, 0.33267327394387624651f, 0.34802158673851907311f, 0.36243486017908060903f, 0.37580924630014234111f, 0.38804838234322869273f, 0.39906408505268986531f, 0.40877698603808010347f, 0.41711710362522907980f, 0.42402434707580805018f, 0.42944894954247636587f, 0.43335182664015720055f, 0.43570485804992764578f, 0.43649109012656067685f, 0.43570485804992764578f, 0.43335182664015720055f, 0.42944894954247636587f, 0.42402434707580805018f, 0.41711710362522913531f, 0.40877698603808021449f, 0.39906408505268992082f, 0.38804838234322863721f, 0.37580924630014239662f, 0.36243486017908060903f, 0.34802158673851901760f, 0.33267327394387635753f, 0.31650050674054347466f, 0.29961981028681866634f, 0.28215281038747130893f, 0.26422535717703155012f, 0.24596661836668748391f, 0.22750814858796519768f, 0.20898294153859553468f, 0.19052447175987347050f, 0.17226573294952898796f, 0.15433827973908942344f, 0.13687127983974206602f, 0.11999058338601727158f, 0.10381781618268455525f, 0.08846950338804156211f, 0.07405622994748010945f, 0.06068184382641834962f, 0.04844270778333203270f, 0.03742700507387088787f, 0.02771410408848047971f, 0.01937398650133157971f, 0.01246674305075265964f, 0.00704214058408433007f, 0.00313926348640348237f, 0.00078623207663303595f, 0.00000000000000000000f, },
	{0.00000000000000000000f, 0.00086240413417259848f, 0.00344340289514175535f, 0.00772440012769121283f, 0.01367455114866164903f, 0.02125098498359958427f, 0.03039911325311068016f, 0.04105302348338423640f, 0.05313595400707739336f, 0.06656084703288715765f, 0.08123097589893192583f, 0.09704064199056657014f, 0.11387593630132325506f, 0.13161556014991304675f, 0.15013169914000432104f, 0.16929094406587713584f, 0.18895525212880751043f, 0.20898294153859547917f, 0.22922971233410999181f, 0.24954968606781571805f, 0.26979645686333031396f, 0.28982414627311825495f, 0.30948845433604860178f, 0.32864769926192144434f, 0.34716383825201280189f, 0.36490346210060253807f, 0.38173875641135923686f, 0.39754842250299382567f, 0.41221855136903862160f, 0.42564344439484846916f, 0.43772637491854154979f, 0.44838028514881506092f, 0.45752841341832617417f, 0.46510484725326411981f, 0.47105499827423458203f, 0.47533599550678401480f, 0.47791699426775319237f, 0.47877939840192579313f, 0.47791699426775319237f, 0.47533599550678401480f, 0.47105499827423458203f, 0.46510484725326411981f, 0.45752841341832622968f, 0.44838028514881517195f, 0.43772637491854160530f, 0.42564344439484841365f, 0.41221855136903867711f, 0.39754842250299382567f, 0.38173875641135918135f, 0.36490346210060264909f, 0.34716383825201285740f, 0.32864769926192149985f, 0.30948845433604865729f, 0.28982414627311819944f, 0.26979645686333042498f, 0.24954968606781582907f, 0.22922971233411004732f, 0.20898294153859564570f, 0.18895525212880745491f, 0.16929094406587724686f, 0.15013169914000437655f, 0.13161556014991304675f, 0.11387593630132337996f, 0.09704064199056651463f, 0.08123097589893200909f, 0.06656084703288721316f, 0.05313595400707739336f, 0.04105302348338434743f, 0.03039911325311062812f, 0.02125098498359960855f, 0.01367455114866167679f, 0.00772440012769121283f, 0.00344340289514178180f, 0.00086240413417262504f, 0.00000000000000000000f, },
	{0.00000000000000000000f, 0.00093885159456414053f, 0.00374864193100401481f, 0.00840912640555934940f, 0.01488672612079624223f, 0.02313476982233256263f, 0.03309383016629523222f, 0.04469215189469465110f, 0.05784616883370283236f, 0.07246110598985054663f, 0.08843166240602730321f, 0.10564276985729005587f, 0.12397042192006088590f, 0.14328256744125028588f, 0.16344006196984131596f, 0.18429767029584759319f, 0.20570511287332923778f, 0.22750814858796511442f, 0.24954968606781571805f, 0.27167091553025823902f, 0.29371245301010895368f, 0.31551548872474477481f, 0.33692293130222633613f, 0.35778053962823269663f, 0.37793803415682380997f, 0.39725017967801312668f, 0.41557783174078399835f, 0.43278893919204669549f, 0.44875949560822347983f, 0.46337443276437129125f, 0.47652844970337937536f, 0.48812677143177873873f, 0.49808583177574144996f, 0.50633387547727781719f, 0.51281147519251468747f, 0.51747195966707004722f, 0.52028175000350984636f, 0.52122060159807404034f, 0.52028175000350984636f, 0.51747195966707004722f, 0.51281147519251468747f, 0.50633387547727781719f, 0.49808583177574150547f, 0.48812677143177884975f, 0.47652844970337943087f, 0.46337443276437123574f, 0.44875949560822353535f, 0.43278893919204669549f, 0.41557783174078394284f, 0.39725017967801329322f, 0.37793803415682386548f, 0.35778053962823275214f, 0.33692293130222639164f, 0.31551548872474471930f, 0.29371245301010906470f, 0.27167091553025835005f, 0.24954968606781580132f, 0.22750814858796528095f, 0.20570511287332918227f, 0.18429767029584770421f, 0.16344006196984139923f, 0.14328256744125028588f, 0.12397042192006102468f, 0.10564276985729000036f, 0.08843166240602738648f, 0.07246110598985060214f, 0.05784616883370283236f, 0.04469215189469476907f, 0.03309383016629517671f, 0.02313476982233259385f, 0.01488672612079627172f, 0.00840912640555934940f, 0.00374864193100404386f, 0.00093885159456416937f, 0.00000000000000000000f, },
	{0.00000000000000000000f, 0.00101502365210372745f, 0.00405278133974231337f, 0.00909138594916623563f, 0.01609453421870526285f, 0.02501176830460060188f, 0.03577883933092539798f, 0.04831817030420811759f, 0.06253941505744821383f, 0.07834010919631943792f, 0.09560640835747923061f, 0.11421390845981505002f, 0.13402854203869973837f, 0.15490754420514613043f, 0.17670048127010370975f, 0.19925033462263547213f, 0.22239463205260778800f, 0.24596661836668737289f, 0.26979645686333031396f, 0.29371245301010895368f, 0.31754229150675200577f, 0.34111427782083153515f, 0.36425857525080379551f, 0.38680842860333564115f, 0.40860136566829330373f, 0.42948036783473958478f, 0.44929500141362432863f, 0.46790250151596013417f, 0.48516880067711992686f, 0.50096949481599117870f, 0.51519073956923122637f, 0.52773007054251386272f, 0.53849714156883876637f, 0.54741437565473416438f, 0.55441752392427312568f, 0.55945612853369708350f, 0.56249388622133567051f, 0.56350890987343937866f, 0.56249388622133567051f, 0.55945612853369708350f, 0.55441752392427312568f, 0.54741437565473416438f, 0.53849714156883876637f, 0.52773007054251408476f, 0.51519073956923133739f, 0.50096949481599117870f, 0.48516880067711998237f, 0.46790250151596013417f, 0.44929500141362427312f, 0.42948036783473980682f, 0.40860136566829335925f, 0.38680842860333569666f, 0.36425857525080385102f, 0.34111427782083147964f, 0.31754229150675217230f, 0.29371245301010906470f, 0.26979645686333036947f, 0.24596661836668756718f, 0.22239463205260773249f, 0.19925033462263561090f, 0.17670048127010376526f, 0.15490754420514613043f, 0.13402854203869990490f, 0.11421390845981499451f, 0.09560640835747932775f, 0.07834010919631950731f, 0.06253941505744821383f, 0.04831817030420824943f, 0.03577883933092533553f, 0.02501176830460063311f, 0.01609453421870529408f, 0.00909138594916623563f, 0.00405278133974234459f, 0.00101502365210375889f, 0.00000000000000000000f, },
