namespace Mosse {
constexpr const unsigned kHann70x70Height = 70;  // Number of rows
constexpr const unsigned kHann70x70Width = 70;  // Number of columns
constexpr const float kHann70x70[kHann70x70Height][kHann70x70Width] = {
	{0.0000, 0.0000, 0.0000, 0.0000, 0.0000, 0.0000, 0.0000, 0.0000, 0.0000, 0.0000, 0.0000, 0.0000, 0.0000, 0.0000, 0.0000, 0.0000, 0.0000, 0.0000, 0.0000, 0.0000, 0.0000, 0.0000, 0.0000, 0.0000, 0.0000, 0.0000, 0.0000, 0.0000, 0.0000, 0.0000, 0.0000, 0.0000, 0.0000, 0.0000, 0.0000, 0.0000, 0.0000, 0.0000, 0.0000, 0.0000, 0.0000, 0.0000, 0.0000, 0.0000, 0.0000, 0.0000, 0.0000, 0.0000, 0.0000, 0.0000, 0.0000, 0.0000, 0.0000, 0.0000, 0.0000, 0.0000, 0.0000, 0.0000, 0.0000, 0.0000, 0.0000, 0.0000, 0.0000, 0.0000, 0.0000, 0.0000, 0.0000, 0.0000, 0.0000, 0.0000, },
	{0.0000, 0.0000, 0.0000, 0.0000, 0.0001, 0.0001, 0.0002, 0.0002, 0.0003, 0.0003, 0.0004, 0.0005, 0.0006, 0.0006, 0.0007, 0.0008, 0.0009, 0.0010, 0.0011, 0.0012, 0.0013, 0.0014, 0.0015, 0.0016, 0.0016, 0.0017, 0.0018, 0.0018, 0.0019, 0.0019, 0.0020, 0.0020, 0.0020, 0.0021, 0.0021, 0.0021, 0.0021, 0.0020, 0.0020, 0.0020, 0.0019, 0.0019, 0.0018, 0.0018, 0.0017, 0.0016, 0.0016, 0.0015, 0.0014, 0.0013, 0.0012, 0.0011, 0.0010, 0.0009, 0.0008, 0.0007, 0.0006, 0.0006, 0.0005, 0.0004, 0.0003, 0.0003, 0.0002, 0.0002, 0.0001, 0.0001, 0.0000, 0.0000, 0.0000, 0.0000, },
	{0.0000, 0.0000, 0.0001, 0.0002, 0.0003, 0.0004, 0.0006, 0.0008, 0.0010, 0.0013, 0.0016, 0.0019, 0.0022, 0.0026, 0.0029, 0.0033, 0.0037, 0.0040, 0.0044, 0.0048, 0.0052, 0.0055, 0.0059, 0.0062, 0.0065, 0.0068, 0.0071, 0.0073, 0.0076, 0.0078, 0.0079, 0.0081, 0.0082, 0.0082, 0.0083, 0.0083, 0.0082, 0.0082, 0.0081, 0.0079, 0.0078, 0.0076, 0.0073, 0.0071, 0.0068, 0.0065, 0.0062, 0.0059, 0.0055, 0.0052, 0.0048, 0.0044, 0.0040, 0.0037, 0.0033, 0.0029, 0.0026, 0.0022, 0.0019, 0.0016, 0.0013, 0.0010, 0.0008, 0.0006, 0.0004, 0.0003, 0.0002, 0.0001, 0.0000, 0.0000, },
	{0.0000, 0.0000, 0.0002, 0.0003, 0.0006, 0.0009, 0.0013, 0.0018, 0.0024, 0.0029, 0.0036, 0.0043, 0.0050, 0.0058, 0.0066, 0.0074, 0.0082, 0.0091, 0.0099, 0.0107, 0.0116, 0.0124, 0.0132, 0.0139, 0.0146, 0.0153, 0.0159, 0.0165, 0.0170, 0.0174, 0.0178, 0.0181, 0.0183, 0.0185, 0.0185, 0.0185, 0.0185, 0.0183, 0.0181, 0.0178, 0.0174, 0.0170, 0.0165, 0.0159, 0.0153, 0.0146, 0.0139, 0.0132, 0.0124, 0.0116, 0.0107, 0.0099, 0.0091, 0.0082, 0.0074, 0.0066, 0.0058, 0.0050, 0.0043, 0.0036, 0.0029, 0.0024, 0.0018, 0.0013, 0.0009, 0.0006, 0.0003, 0.0002, 0.0000, 0.0000, },
	{0.0000, 0.0001, 0.0003, 0.0006, 0.0011, 0.0017, 0.0024, 0.0032, 0.0042, 0.0052, 0.0063, 0.0076, 0.0089, 0.0102, 0.0116, 0.0131, 0.0145, 0.0160, 0.0175, 0.0190, 0.0205, 0.0219, 0.0233, 0.0246, 0.0259, 0.0270, 0.0281, 0.0291, 0.0300, 0.0308, 0.0314, 0.0320, 0.0324, 0.0327, 0.0328, 0.0328, 0.0327, 0.0324, 0.0320, 0.0314, 0.0308, 0.0300, 0.0291, 0.0281, 0.0270, 0.0259, 0.0246, 0.0233, 0.0219, 0.0205, 0.0190, 0.0175, 0.0160, 0.0145, 0.0131, 0.0116, 0.0102, 0.0089, 0.0076, 0.0063, 0.0052, 0.0042, 0.0032, 0.0024, 0.0017, 0.0011, 0.0006, 0.0003, 0.0001, 0.0000, },
	{0.0000, 0.0001, 0.0004, 0.0009, 0.0017, 0.0026, 0.0037, 0.0050, 0.0065, 0.0081, 0.0098, 0.0117, 0.0138, 0.0159, 0.0180, 0.0203, 0.0226, 0.0249, 0.0272, 0.0295, 0.0318, 0.0340, 0.0361, 0.0382, 0.0402, 0.0420, 0.0437, 0.0452, 0.0466, 0.0478, 0.0488, 0.0497, 0.0503, 0.0507, 0.0509, 0.0509, 0.0507, 0.0503, 0.0497, 0.0488, 0.0478, 0.0466, 0.0452, 0.0437, 0.0420, 0.0402, 0.0382, 0.0361, 0.0340, 0.0318, 0.0295, 0.0272, 0.0249, 0.0226, 0.0203, 0.0180, 0.0159, 0.0138, 0.0117, 0.0098, 0.0081, 0.0065, 0.0050, 0.0037, 0.0026, 0.0017, 0.0009, 0.0004, 0.0001, 0.0000, },
	{0.0000, 0.0002, 0.0006, 0.0013, 0.0024, 0.0037, 0.0053, 0.0071, 0.0092, 0.0116, 0.0141, 0.0168, 0.0197, 0.0227, 0.0258, 0.0290, 0.0323, 0.0356, 0.0389, 0.0422, 0.0454, 0.0486, 0.0517, 0.0546, 0.0574, 0.0600, 0.0624, 0.0646, 0.0666, 0.0683, 0.0698, 0.0710, 0.0719, 0.0725, 0.0728, 0.0728, 0.0725, 0.0719, 0.0710, 0.0698, 0.0683, 0.0666, 0.0646, 0.0624, 0.0600, 0.0574, 0.0546, 0.0517, 0.0486, 0.0454, 0.0422, 0.0389, 0.0356, 0.0323, 0.0290, 0.0258, 0.0227, 0.0197, 0.0168, 0.0141, 0.0116, 0.0092, 0.0071, 0.0053, 0.0037, 0.0024, 0.0013, 0.0006, 0.0002, 0.0000, },
	{0.0000, 0.0002, 0.0008, 0.0018, 0.0032, 0.0050, 0.0071, 0.0096, 0.0125, 0.0156, 0.0190, 0.0226, 0.0265, 0.0306, 0.0348, 0.0391, 0.0435, 0.0480, 0.0524, 0.0569, 0.0613, 0.0655, 0.0697, 0.0736, 0.0774, 0.0809, 0.0842, 0.0872, 0.0898, 0.0922, 0.0941, 0.0957, 0.0969, 0.0977, 0.0981, 0.0981, 0.0977, 0.0969, 0.0957, 0.0941, 0.0922, 0.0898, 0.0872, 0.0842, 0.0809, 0.0774, 0.0736, 0.0697, 0.0655, 0.0613, 0.0569, 0.0524, 0.0480, 0.0435, 0.0391, 0.0348, 0.0306, 0.0265, 0.0226, 0.0190, 0.0156, 0.0125, 0.0096, 0.0071, 0.0050, 0.0032, 0.0018, 0.0008, 0.0002, 0.0000, },
	{0.0000, 0.0003, 0.0010, 0.0024, 0.0042, 0.0065, 0.0092, 0.0125, 0.0161, 0.0201, 0.0245, 0.0293, 0.0343, 0.0395, 0.0449, 0.0505, 0.0562, 0.0620, 0.0678, 0.0735, 0.0792, 0.0847, 0.0901, 0.0952, 0.1000, 0.1046, 0.1088, 0.1127, 0.1161, 0.1191, 0.1217, 0.1237, 0.1253, 0.1263, 0.1268, 0.1268, 0.1263, 0.1253, 0.1237, 0.1217, 0.1191, 0.1161, 0.1127, 0.1088, 0.1046, 0.1000, 0.0952, 0.0901, 0.0847, 0.0792, 0.0735, 0.0678, 0.0620, 0.0562, 0.0505, 0.0449, 0.0395, 0.0343, 0.0293, 0.0245, 0.0201, 0.0161, 0.0125, 0.0092, 0.0065, 0.0042, 0.0024, 0.0010, 0.0003, 0.0000, },
	{0.0000, 0.0003, 0.0013, 0.0029, 0.0052, 0.0081, 0.0116, 0.0156, 0.0201, 0.0252, 0.0307, 0.0366, 0.0429, 0.0494, 0.0562, 0.0632, 0.0703, 0.0776, 0.0848, 0.0920, 0.0990, 0.1059, 0.1126, 0.1190, 0.1251, 0.1308, 0.1361, 0.1409, 0.1452, 0.1490, 0.1522, 0.1547, 0.1567, 0.1580, 0.1586, 0.1586, 0.1580, 0.1567, 0.1547, 0.1522, 0.1490, 0.1452, 0.1409, 0.1361, 0.1308, 0.1251, 0.1190, 0.1126, 0.1059, 0.0990, 0.0920, 0.0848, 0.0776, 0.0703, 0.0632, 0.0562, 0.0494, 0.0429, 0.0366, 0.0307, 0.0252, 0.0201, 0.0156, 0.0116, 0.0081, 0.0052, 0.0029, 0.0013, 0.0003, 0.0000, },
	{0.0000, 0.0004, 0.0016, 0.0036, 0.0063, 0.0098, 0.0141, 0.0190, 0.0245, 0.0307, 0.0374, 0.0446, 0.0522, 0.0602, 0.0685, 0.0770, 0.0857, 0.0945, 0.1033, 0.1120, 0.1206, 0.1291, 0.1372, 0.1450, 0.1524, 0.1594, 0.1658, 0.1717, 0.1769, 0.1815, 0.1854, 0.1885, 0.1909, 0.1925, 0.1933, 0.1933, 0.1925, 0.1909, 0.1885, 0.1854, 0.1815, 0.1769, 0.1717, 0.1658, 0.1594, 0.1524, 0.1450, 0.1372, 0.1291, 0.1206, 0.1120, 0.1033, 0.0945, 0.0857, 0.0770, 0.0685, 0.0602, 0.0522, 0.0446, 0.0374, 0.0307, 0.0245, 0.0190, 0.0141, 0.0098, 0.0063, 0.0036, 0.0016, 0.0004, 0.0000, },
	{0.0000, 0.0005, 0.0019, 0.0043, 0.0076, 0.0117, 0.0168, 0.0226, 0.0293, 0.0366, 0.0446, 0.0532, 0.0622, 0.0718, 0.0817, 0.0918, 0.1022, 0.1127, 0.1231, 0.1336, 0.1438, 0.1539, 0.1636, 0.1729, 0.1818, 0.1900, 0.1977, 0.2047, 0.2109, 0.2164, 0.2210, 0.2247, 0.2276, 0.2295, 0.2304, 0.2304, 0.2295, 0.2276, 0.2247, 0.2210, 0.2164, 0.2109, 0.2047, 0.1977, 0.1900, 0.1818, 0.1729, 0.1636, 0.1539, 0.1438, 0.1336, 0.1231, 0.1127, 0.1022, 0.0918, 0.0817, 0.0718, 0.0622, 0.0532, 0.0446, 0.0366, 0.0293, 0.0226, 0.0168, 0.0117, 0.0076, 0.0043, 0.0019, 0.0005, 0.0000, },
	{0.0000, 0.0006, 0.0022, 0.0050, 0.0089, 0.0138, 0.0197, 0.0265, 0.0343, 0.0429, 0.0522, 0.0622, 0.0729, 0.0840, 0.0956, 0.1075, 0.1197, 0.1319, 0.1442, 0.1564, 0.1684, 0.1802, 0.1916, 0.2025, 0.2128, 0.2225, 0.2315, 0.2397, 0.2470, 0.2534, 0.2588, 0.2632, 0.2665, 0.2687, 0.2698, 0.2698, 0.2687, 0.2665, 0.2632, 0.2588, 0.2534, 0.2470, 0.2397, 0.2315, 0.2225, 0.2128, 0.2025, 0.1916, 0.1802, 0.1684, 0.1564, 0.1442, 0.1319, 0.1197, 0.1075, 0.0956, 0.0840, 0.0729, 0.0622, 0.0522, 0.0429, 0.0343, 0.0265, 0.0197, 0.0138, 0.0089, 0.0050, 0.0022, 0.0006, 0.0000, },
	{0.0000, 0.0006, 0.0026, 0.0058, 0.0102, 0.0159, 0.0227, 0.0306, 0.0395, 0.0494, 0.0602, 0.0718, 0.0840, 0.0969, 0.1103, 0.1240, 0.1380, 0.1521, 0.1663, 0.1803, 0.1942, 0.2078, 0.2209, 0.2335, 0.2454, 0.2566, 0.2669, 0.2764, 0.2848, 0.2922, 0.2984, 0.3035, 0.3073, 0.3098, 0.3111, 0.3111, 0.3098, 0.3073, 0.3035, 0.2984, 0.2922, 0.2848, 0.2764, 0.2669, 0.2566, 0.2454, 0.2335, 0.2209, 0.2078, 0.1942, 0.1803, 0.1663, 0.1521, 0.1380, 0.1240, 0.1103, 0.0969, 0.0840, 0.0718, 0.0602, 0.0494, 0.0395, 0.0306, 0.0227, 0.0159, 0.0102, 0.0058, 0.0026, 0.0006, 0.0000, },
	{0.0000, 0.0007, 0.0029, 0.0066, 0.0116, 0.0180, 0.0258, 0.0348, 0.0449, 0.0562, 0.0685, 0.0817, 0.0956, 0.1103, 0.1254, 0.1411, 0.1570, 0.1731, 0.1892, 0.2052, 0.2210, 0.2364, 0.2513, 0.2656, 0.2792, 0.2919, 0.3037, 0.3145, 0.3241, 0.3324, 0.3395, 0.3453, 0.3496, 0.3525, 0.3540, 0.3540, 0.3525, 0.3496, 0.3453, 0.3395, 0.3324, 0.3241, 0.3145, 0.3037, 0.2919, 0.2792, 0.2656, 0.2513, 0.2364, 0.2210, 0.2052, 0.1892, 0.1731, 0.1570, 0.1411, 0.1254, 0.1103, 0.0956, 0.0817, 0.0685, 0.0562, 0.0449, 0.0348, 0.0258, 0.0180, 0.0116, 0.0066, 0.0029, 0.0007, 0.0000, },
	{0.0000, 0.0008, 0.0033, 0.0074, 0.0131, 0.0203, 0.0290, 0.0391, 0.0505, 0.0632, 0.0770, 0.0918, 0.1075, 0.1240, 0.1411, 0.1586, 0.1765, 0.1946, 0.2127, 0.2307, 0.2485, 0.2658, 0.2826, 0.2987, 0.3140, 0.3283, 0.3415, 0.3536, 0.3644, 0.3738, 0.3818, 0.3882, 0.3931, 0.3964, 0.3981, 0.3981, 0.3964, 0.3931, 0.3882, 0.3818, 0.3738, 0.3644, 0.3536, 0.3415, 0.3283, 0.3140, 0.2987, 0.2826, 0.2658, 0.2485, 0.2307, 0.2127, 0.1946, 0.1765, 0.1586, 0.1411, 0.1240, 0.1075, 0.0918, 0.0770, 0.0632, 0.0505, 0.0391, 0.0290, 0.0203, 0.0131, 0.0074, 0.0033, 0.0008, 0.0000, },
	{0.0000, 0.0009, 0.0037, 0.0082, 0.0145, 0.0226, 0.0323, 0.0435, 0.0562, 0.0703, 0.0857, 0.1022, 0.1197, 0.1380, 0.1570, 0.1765, 0.1964, 0.2166, 0.2367, 0.2568, 0.2765, 0.2958, 0.3145, 0.3324, 0.3494, 0.3653, 0.3801, 0.3935, 0.4055, 0.4160, 0.4249, 0.4320, 0.4375, 0.4411, 0.4430, 0.4430, 0.4411, 0.4375, 0.4320, 0.4249, 0.4160, 0.4055, 0.3935, 0.3801, 0.3653, 0.3494, 0.3324, 0.3145, 0.2958, 0.2765, 0.2568, 0.2367, 0.2166, 0.1964, 0.1765, 0.1570, 0.1380, 0.1197, 0.1022, 0.0857, 0.0703, 0.0562, 0.0435, 0.0323, 0.0226, 0.0145, 0.0082, 0.0037, 0.0009, 0.0000, },
	{0.0000, 0.0010, 0.0040, 0.0091, 0.0160, 0.0249, 0.0356, 0.0480, 0.0620, 0.0776, 0.0945, 0.1127, 0.1319, 0.1521, 0.1731, 0.1946, 0.2166, 0.2387, 0.2610, 0.2831, 0.3049, 0.3261, 0.3467, 0.3665, 0.3852, 0.4028, 0.4190, 0.4338, 0.4471, 0.4586, 0.4684, 0.4763, 0.4823, 0.4863, 0.4884, 0.4884, 0.4863, 0.4823, 0.4763, 0.4684, 0.4586, 0.4471, 0.4338, 0.4190, 0.4028, 0.3852, 0.3665, 0.3467, 0.3261, 0.3049, 0.2831, 0.2610, 0.2387, 0.2166, 0.1946, 0.1731, 0.1521, 0.1319, 0.1127, 0.0945, 0.0776, 0.0620, 0.0480, 0.0356, 0.0249, 0.0160, 0.0091, 0.0040, 0.0010, 0.0000, },
	{0.0000, 0.0011, 0.0044, 0.0099, 0.0175, 0.0272, 0.0389, 0.0524, 0.0678, 0.0848, 0.1033, 0.1231, 0.1442, 0.1663, 0.1892, 0.2127, 0.2367, 0.2610, 0.2853, 0.3094, 0.3332, 0.3565, 0.3790, 0.4006, 0.4211, 0.4403, 0.4580, 0.4742, 0.4887, 0.5013, 0.5120, 0.5207, 0.5272, 0.5316, 0.5338, 0.5338, 0.5316, 0.5272, 0.5207, 0.5120, 0.5013, 0.4887, 0.4742, 0.4580, 0.4403, 0.4211, 0.4006, 0.3790, 0.3565, 0.3332, 0.3094, 0.2853, 0.2610, 0.2367, 0.2127, 0.1892, 0.1663, 0.1442, 0.1231, 0.1033, 0.0848, 0.0678, 0.0524, 0.0389, 0.0272, 0.0175, 0.0099, 0.0044, 0.0011, 0.0000, },
	{0.0000, 0.0012, 0.0048, 0.0107, 0.0190, 0.0295, 0.0422, 0.0569, 0.0735, 0.0920, 0.1120, 0.1336, 0.1564, 0.1803, 0.2052, 0.2307, 0.2568, 0.2831, 0.3094, 0.3356, 0.3615, 0.3867, 0.4111, 0.4345, 0.4567, 0.4775, 0.4968, 0.5144, 0.5301, 0.5438, 0.5554, 0.5648, 0.5719, 0.5766, 0.5790, 0.5790, 0.5766, 0.5719, 0.5648, 0.5554, 0.5438, 0.5301, 0.5144, 0.4968, 0.4775, 0.4567, 0.4345, 0.4111, 0.3867, 0.3615, 0.3356, 0.3094, 0.2831, 0.2568, 0.2307, 0.2052, 0.1803, 0.1564, 0.1336, 0.1120, 0.0920, 0.0735, 0.0569, 0.0422, 0.0295, 0.0190, 0.0107, 0.0048, 0.0012, 0.0000, },
	{0.0000, 0.0013, 0.0052, 0.0116, 0.0205, 0.0318, 0.0454, 0.0613, 0.0792, 0.0990, 0.1206, 0.1438, 0.1684, 0.1942, 0.2210, 0.2485, 0.2765, 0.3049, 0.3332, 0.3615, 0.3893, 0.4164, 0.4427, 0.4679, 0.4918, 0.5143, 0.5350, 0.5539, 0.5708, 0.5856, 0.5981, 0.6082, 0.6159, 0.6210, 0.6236, 0.6236, 0.6210, 0.6159, 0.6082, 0.5981, 0.5856, 0.5708, 0.5539, 0.5350, 0.5143, 0.4918, 0.4679, 0.4427, 0.4164, 0.3893, 0.3615, 0.3332, 0.3049, 0.2765, 0.2485, 0.2210, 0.1942, 0.1684, 0.1438, 0.1206, 0.0990, 0.0792, 0.0613, 0.0454, 0.0318, 0.0205, 0.0116, 0.0052, 0.0013, 0.0000, },
	{0.0000, 0.0014, 0.0055, 0.0124, 0.0219, 0.0340, 0.0486, 0.0655, 0.0847, 0.1059, 0.1291, 0.1539, 0.1802, 0.2078, 0.2364, 0.2658, 0.2958, 0.3261, 0.3565, 0.3867, 0.4164, 0.4455, 0.4736, 0.5006, 0.5262, 0.5502, 0.5724, 0.5926, 0.6107, 0.6265, 0.6398, 0.6506, 0.6588, 0.6643, 0.6671, 0.6671, 0.6643, 0.6588, 0.6506, 0.6398, 0.6265, 0.6107, 0.5926, 0.5724, 0.5502, 0.5262, 0.5006, 0.4736, 0.4455, 0.4164, 0.3867, 0.3565, 0.3261, 0.2958, 0.2658, 0.2364, 0.2078, 0.1802, 0.1539, 0.1291, 0.1059, 0.0847, 0.0655, 0.0486, 0.0340, 0.0219, 0.0124, 0.0055, 0.0014, 0.0000, },
	{0.0000, 0.0015, 0.0059, 0.0132, 0.0233, 0.0361, 0.0517, 0.0697, 0.0901, 0.1126, 0.1372, 0.1636, 0.1916, 0.2209, 0.2513, 0.2826, 0.3145, 0.3467, 0.3790, 0.4111, 0.4427, 0.4736, 0.5035, 0.5322, 0.5594, 0.5849, 0.6085, 0.6300, 0.6492, 0.6660, 0.6802, 0.6917, 0.7004, 0.7063, 0.7092, 0.7092, 0.7063, 0.7004, 0.6917, 0.6802, 0.6660, 0.6492, 0.6300, 0.6085, 0.5849, 0.5594, 0.5322, 0.5035, 0.4736, 0.4427, 0.4111, 0.3790, 0.3467, 0.3145, 0.2826, 0.2513, 0.2209, 0.1916, 0.1636, 0.1372, 0.1126, 0.0901, 0.0697, 0.0517, 0.0361, 0.0233, 0.0132, 0.0059, 0.0015, 0.0000, },
	{0.0000, 0.0016, 0.0062, 0.0139, 0.0246, 0.0382, 0.0546, 0.0736, 0.0952, 0.1190, 0.1450, 0.1729, 0.2025, 0.2335, 0.2656, 0.2987, 0.3324, 0.3665, 0.4006, 0.4345, 0.4679, 0.5006, 0.5322, 0.5625, 0.5913, 0.6182, 0.6432, 0.6659, 0.6862, 0.7039, 0.7190, 0.7311, 0.7403, 0.7465, 0.7496, 0.7496, 0.7465, 0.7403, 0.7311, 0.7190, 0.7039, 0.6862, 0.6659, 0.6432, 0.6182, 0.5913, 0.5625, 0.5322, 0.5006, 0.4679, 0.4345, 0.4006, 0.3665, 0.3324, 0.2987, 0.2656, 0.2335, 0.2025, 0.1729, 0.1450, 0.1190, 0.0952, 0.0736, 0.0546, 0.0382, 0.0246, 0.0139, 0.0062, 0.0016, 0.0000, },
	{0.0000, 0.0016, 0.0065, 0.0146, 0.0259, 0.0402, 0.0574, 0.0774, 0.1000, 0.1251, 0.1524, 0.1818, 0.2128, 0.2454, 0.2792, 0.3140, 0.3494, 0.3852, 0.4211, 0.4567, 0.4918, 0.5262, 0.5594, 0.5913, 0.6215, 0.6498, 0.6760, 0.6999, 0.7213, 0.7399, 0.7557, 0.7685, 0.7782, 0.7847, 0.7879, 0.7879, 0.7847, 0.7782, 0.7685, 0.7557, 0.7399, 0.7213, 0.6999, 0.6760, 0.6498, 0.6215, 0.5913, 0.5594, 0.5262, 0.4918, 0.4567, 0.4211, 0.3852, 0.3494, 0.3140, 0.2792, 0.2454, 0.2128, 0.1818, 0.1524, 0.1251, 0.1000, 0.0774, 0.0574, 0.0402, 0.0259, 0.0146, 0.0065, 0.0016, 0.0000, },
	{0.0000, 0.0017, 0.0068, 0.0153, 0.0270, 0.0420, 0.0600, 0.0809, 0.1046, 0.1308, 0.1594, 0.1900, 0.2225, 0.2566, 0.2919, 0.3283, 0.3653, 0.4028, 0.4403, 0.4775, 0.5143, 0.5502, 0.5849, 0.6182, 0.6498, 0.6795, 0.7069, 0.7319, 0.7542, 0.7737, 0.7902, 0.8035, 0.8137, 0.8205, 0.8239, 0.8239, 0.8205, 0.8137, 0.8035, 0.7902, 0.7737, 0.7542, 0.7319, 0.7069, 0.6795, 0.6498, 0.6182, 0.5849, 0.5502, 0.5143, 0.4775, 0.4403, 0.4028, 0.3653, 0.3283, 0.2919, 0.2566, 0.2225, 0.1900, 0.1594, 0.1308, 0.1046, 0.0809, 0.0600, 0.0420, 0.0270, 0.0153, 0.0068, 0.0017, 0.0000, },
	{0.0000, 0.0018, 0.0071, 0.0159, 0.0281, 0.0437, 0.0624, 0.0842, 0.1088, 0.1361, 0.1658, 0.1977, 0.2315, 0.2669, 0.3037, 0.3415, 0.3801, 0.4190, 0.4580, 0.4968, 0.5350, 0.5724, 0.6085, 0.6432, 0.6760, 0.7069, 0.7354, 0.7614, 0.7846, 0.8049, 0.8221, 0.8360, 0.8465, 0.8536, 0.8571, 0.8571, 0.8536, 0.8465, 0.8360, 0.8221, 0.8049, 0.7846, 0.7614, 0.7354, 0.7069, 0.6760, 0.6432, 0.6085, 0.5724, 0.5350, 0.4968, 0.4580, 0.4190, 0.3801, 0.3415, 0.3037, 0.2669, 0.2315, 0.1977, 0.1658, 0.1361, 0.1088, 0.0842, 0.0624, 0.0437, 0.0281, 0.0159, 0.0071, 0.0018, 0.0000, },
	{0.0000, 0.0018, 0.0073, 0.0165, 0.0291, 0.0452, 0.0646, 0.0872, 0.1127, 0.1409, 0.1717, 0.2047, 0.2397, 0.2764, 0.3145, 0.3536, 0.3935, 0.4338, 0.4742, 0.5144, 0.5539, 0.5926, 0.6300, 0.6659, 0.6999, 0.7319, 0.7614, 0.7883, 0.8123, 0.8333, 0.8511, 0.8655, 0.8764, 0.8837, 0.8874, 0.8874, 0.8837, 0.8764, 0.8655, 0.8511, 0.8333, 0.8123, 0.7883, 0.7614, 0.7319, 0.6999, 0.6659, 0.6300, 0.5926, 0.5539, 0.5144, 0.4742, 0.4338, 0.3935, 0.3536, 0.3145, 0.2764, 0.2397, 0.2047, 0.1717, 0.1409, 0.1127, 0.0872, 0.0646, 0.0452, 0.0291, 0.0165, 0.0073, 0.0018, 0.0000, },
	{0.0000, 0.0019, 0.0076, 0.0170, 0.0300, 0.0466, 0.0666, 0.0898, 0.1161, 0.1452, 0.1769, 0.2109, 0.2470, 0.2848, 0.3241, 0.3644, 0.4055, 0.4471, 0.4887, 0.5301, 0.5708, 0.6107, 0.6492, 0.6862, 0.7213, 0.7542, 0.7846, 0.8123, 0.8371, 0.8588, 0.8771, 0.8919, 0.9031, 0.9107, 0.9145, 0.9145, 0.9107, 0.9031, 0.8919, 0.8771, 0.8588, 0.8371, 0.8123, 0.7846, 0.7542, 0.7213, 0.6862, 0.6492, 0.6107, 0.5708, 0.5301, 0.4887, 0.4471, 0.4055, 0.3644, 0.3241, 0.2848, 0.2470, 0.2109, 0.1769, 0.1452, 0.1161, 0.0898, 0.0666, 0.0466, 0.0300, 0.0170, 0.0076, 0.0019, 0.0000, },
	{0.0000, 0.0019, 0.0078, 0.0174, 0.0308, 0.0478, 0.0683, 0.0922, 0.1191, 0.1490, 0.1815, 0.2164, 0.2534, 0.2922, 0.3324, 0.3738, 0.4160, 0.4586, 0.5013, 0.5438, 0.5856, 0.6265, 0.6660, 0.7039, 0.7399, 0.7737, 0.8049, 0.8333, 0.8588, 0.8810, 0.8997, 0.9150, 0.9265, 0.9342, 0.9381, 0.9381, 0.9342, 0.9265, 0.9150, 0.8997, 0.8810, 0.8588, 0.8333, 0.8049, 0.7737, 0.7399, 0.7039, 0.6660, 0.6265, 0.5856, 0.5438, 0.5013, 0.4586, 0.4160, 0.3738, 0.3324, 0.2922, 0.2534, 0.2164, 0.1815, 0.1490, 0.1191, 0.0922, 0.0683, 0.0478, 0.0308, 0.0174, 0.0078, 0.0019, 0.0000, },
	{0.0000, 0.0020, 0.0079, 0.0178, 0.0314, 0.0488, 0.0698, 0.0941, 0.1217, 0.1522, 0.1854, 0.2210, 0.2588, 0.2984, 0.3395, 0.3818, 0.4249, 0.4684, 0.5120, 0.5554, 0.5981, 0.6398, 0.6802, 0.7190, 0.7557, 0.7902, 0.8221, 0.8511, 0.8771, 0.8997, 0.9189, 0.9345, 0.9462, 0.9541, 0.9581, 0.9581, 0.9541, 0.9462, 0.9345, 0.9189, 0.8997, 0.8771, 0.8511, 0.8221, 0.7902, 0.7557, 0.7190, 0.6802, 0.6398, 0.5981, 0.5554, 0.5120, 0.4684, 0.4249, 0.3818, 0.3395, 0.2984, 0.2588, 0.2210, 0.1854, 0.1522, 0.1217, 0.0941, 0.0698, 0.0488, 0.0314, 0.0178, 0.0079, 0.0020, 0.0000, },
	{0.0000, 0.0020, 0.0081, 0.0181, 0.0320, 0.0497, 0.0710, 0.0957, 0.1237, 0.1547, 0.1885, 0.2247, 0.2632, 0.3035, 0.3453, 0.3882, 0.4320, 0.4763, 0.5207, 0.5648, 0.6082, 0.6506, 0.6917, 0.7311, 0.7685, 0.8035, 0.8360, 0.8655, 0.8919, 0.9150, 0.9345, 0.9503, 0.9622, 0.9703, 0.9743, 0.9743, 0.9703, 0.9622, 0.9503, 0.9345, 0.9150, 0.8919, 0.8655, 0.8360, 0.8035, 0.7685, 0.7311, 0.6917, 0.6506, 0.6082, 0.5648, 0.5207, 0.4763, 0.4320, 0.3882, 0.3453, 0.3035, 0.2632, 0.2247, 0.1885, 0.1547, 0.1237, 0.0957, 0.0710, 0.0497, 0.0320, 0.0181, 0.0081, 0.0020, 0.0000, },
	{0.0000, 0.0020, 0.0082, 0.0183, 0.0324, 0.0503, 0.0719, 0.0969, 0.1253, 0.1567, 0.1909, 0.2276, 0.2665, 0.3073, 0.3496, 0.3931, 0.4375, 0.4823, 0.5272, 0.5719, 0.6159, 0.6588, 0.7004, 0.7403, 0.7782, 0.8137, 0.8465, 0.8764, 0.9031, 0.9265, 0.9462, 0.9622, 0.9744, 0.9825, 0.9866, 0.9866, 0.9825, 0.9744, 0.9622, 0.9462, 0.9265, 0.9031, 0.8764, 0.8465, 0.8137, 0.7782, 0.7403, 0.7004, 0.6588, 0.6159, 0.5719, 0.5272, 0.4823, 0.4375, 0.3931, 0.3496, 0.3073, 0.2665, 0.2276, 0.1909, 0.1567, 0.1253, 0.0969, 0.0719, 0.0503, 0.0324, 0.0183, 0.0082, 0.0020, 0.0000, },
	{0.0000, 0.0021, 0.0082, 0.0185, 0.0327, 0.0507, 0.0725, 0.0977, 0.1263, 0.1580, 0.1925, 0.2295, 0.2687, 0.3098, 0.3525, 0.3964, 0.4411, 0.4863, 0.5316, 0.5766, 0.6210, 0.6643, 0.7063, 0.7465, 0.7847, 0.8205, 0.8536, 0.8837, 0.9107, 0.9342, 0.9541, 0.9703, 0.9825, 0.9907, 0.9948, 0.9948, 0.9907, 0.9825, 0.9703, 0.9541, 0.9342, 0.9107, 0.8837, 0.8536, 0.8205, 0.7847, 0.7465, 0.7063, 0.6643, 0.6210, 0.5766, 0.5316, 0.4863, 0.4411, 0.3964, 0.3525, 0.3098, 0.2687, 0.2295, 0.1925, 0.1580, 0.1263, 0.0977, 0.0725, 0.0507, 0.0327, 0.0185, 0.0082, 0.0021, 0.0000, },
	{0.0000, 0.0021, 0.0083, 0.0185, 0.0328, 0.0509, 0.0728, 0.0981, 0.1268, 0.1586, 0.1933, 0.2304, 0.2698, 0.3111, 0.3540, 0.3981, 0.4430, 0.4884, 0.5338, 0.5790, 0.6236, 0.6671, 0.7092, 0.7496, 0.7879, 0.8239, 0.8571, 0.8874, 0.9145, 0.9381, 0.9581, 0.9743, 0.9866, 0.9948, 0.9990, 0.9990, 0.9948, 0.9866, 0.9743, 0.9581, 0.9381, 0.9145, 0.8874, 0.8571, 0.8239, 0.7879, 0.7496, 0.7092, 0.6671, 0.6236, 0.5790, 0.5338, 0.4884, 0.4430, 0.3981, 0.3540, 0.3111, 0.2698, 0.2304, 0.1933, 0.1586, 0.1268, 0.0981, 0.0728, 0.0509, 0.0328, 0.0185, 0.0083, 0.0021, 0.0000, },
	{0.0000, 0.0021, 0.0083, 0.0185, 0.0328, 0.0509, 0.0728, 0.0981, 0.1268, 0.1586, 0.1933, 0.2304, 0.2698, 0.3111, 0.3540, 0.3981, 0.4430, 0.4884, 0.5338, 0.5790, 0.6236, 0.6671, 0.7092, 0.7496, 0.7879, 0.8239, 0.8571, 0.8874, 0.9145, 0.9381, 0.9581, 0.9743, 0.9866, 0.9948, 0.9990, 0.9990, 0.9948, 0.9866, 0.9743, 0.9581, 0.9381, 0.9145, 0.8874, 0.8571, 0.8239, 0.7879, 0.7496, 0.7092, 0.6671, 0.6236, 0.5790, 0.5338, 0.4884, 0.4430, 0.3981, 0.3540, 0.3111, 0.2698, 0.2304, 0.1933, 0.1586, 0.1268, 0.0981, 0.0728, 0.0509, 0.0328, 0.0185, 0.0083, 0.0021, 0.0000, },
	{0.0000, 0.0021, 0.0082, 0.0185, 0.0327, 0.0507, 0.0725, 0.0977, 0.1263, 0.1580, 0.1925, 0.2295, 0.2687, 0.3098, 0.3525, 0.3964, 0.4411, 0.4863, 0.5316, 0.5766, 0.6210, 0.6643, 0.7063, 0.7465, 0.7847, 0.8205, 0.8536, 0.8837, 0.9107, 0.9342, 0.9541, 0.9703, 0.9825, 0.9907, 0.9948, 0.9948, 0.9907, 0.9825, 0.9703, 0.9541, 0.9342, 0.9107, 0.8837, 0.8536, 0.8205, 0.7847, 0.7465, 0.7063, 0.6643, 0.6210, 0.5766, 0.5316, 0.4863, 0.4411, 0.3964, 0.3525, 0.3098, 0.2687, 0.2295, 0.1925, 0.1580, 0.1263, 0.0977, 0.0725, 0.0507, 0.0327, 0.0185, 0.0082, 0.0021, 0.0000, },
	{0.0000, 0.0020, 0.0082, 0.0183, 0.0324, 0.0503, 0.0719, 0.0969, 0.1253, 0.1567, 0.1909, 0.2276, 0.2665, 0.3073, 0.3496, 0.3931, 0.4375, 0.4823, 0.5272, 0.5719, 0.6159, 0.6588, 0.7004, 0.7403, 0.7782, 0.8137, 0.8465, 0.8764, 0.9031, 0.9265, 0.9462, 0.9622, 0.9744, 0.9825, 0.9866, 0.9866, 0.9825, 0.9744, 0.9622, 0.9462, 0.9265, 0.9031, 0.8764, 0.8465, 0.8137, 0.7782, 0.7403, 0.7004, 0.6588, 0.6159, 0.5719, 0.5272, 0.4823, 0.4375, 0.3931, 0.3496, 0.3073, 0.2665, 0.2276, 0.1909, 0.1567, 0.1253, 0.0969, 0.0719, 0.0503, 0.0324, 0.0183, 0.0082, 0.0020, 0.0000, },
	{0.0000, 0.0020, 0.0081, 0.0181, 0.0320, 0.0497, 0.0710, 0.0957, 0.1237, 0.1547, 0.1885, 0.2247, 0.2632, 0.3035, 0.3453, 0.3882, 0.4320, 0.4763, 0.5207, 0.5648, 0.6082, 0.6506, 0.6917, 0.7311, 0.7685, 0.8035, 0.8360, 0.8655, 0.8919, 0.9150, 0.9345, 0.9503, 0.9622, 0.9703, 0.9743, 0.9743, 0.9703, 0.9622, 0.9503, 0.9345, 0.9150, 0.8919, 0.8655, 0.8360, 0.8035, 0.7685, 0.7311, 0.6917, 0.6506, 0.6082, 0.5648, 0.5207, 0.4763, 0.4320, 0.3882, 0.3453, 0.3035, 0.2632, 0.2247, 0.1885, 0.1547, 0.1237, 0.0957, 0.0710, 0.0497, 0.0320, 0.0181, 0.0081, 0.0020, 0.0000, },
	{0.0000, 0.0020, 0.0079, 0.0178, 0.0314, 0.0488, 0.0698, 0.0941, 0.1217, 0.1522, 0.1854, 0.2210, 0.2588, 0.2984, 0.3395, 0.3818, 0.4249, 0.4684, 0.5120, 0.5554, 0.5981, 0.6398, 0.6802, 0.7190, 0.7557, 0.7902, 0.8221, 0.8511, 0.8771, 0.8997, 0.9189, 0.9345, 0.9462, 0.9541, 0.9581, 0.9581, 0.9541, 0.9462, 0.9345, 0.9189, 0.8997, 0.8771, 0.8511, 0.8221, 0.7902, 0.7557, 0.7190, 0.6802, 0.6398, 0.5981, 0.5554, 0.5120, 0.4684, 0.4249, 0.3818, 0.3395, 0.2984, 0.2588, 0.2210, 0.1854, 0.1522, 0.1217, 0.0941, 0.0698, 0.0488, 0.0314, 0.0178, 0.0079, 0.0020, 0.0000, },
	{0.0000, 0.0019, 0.0078, 0.0174, 0.0308, 0.0478, 0.0683, 0.0922, 0.1191, 0.1490, 0.1815, 0.2164, 0.2534, 0.2922, 0.3324, 0.3738, 0.4160, 0.4586, 0.5013, 0.5438, 0.5856, 0.6265, 0.6660, 0.7039, 0.7399, 0.7737, 0.8049, 0.8333, 0.8588, 0.8810, 0.8997, 0.9150, 0.9265, 0.9342, 0.9381, 0.9381, 0.9342, 0.9265, 0.9150, 0.8997, 0.8810, 0.8588, 0.8333, 0.8049, 0.7737, 0.7399, 0.7039, 0.6660, 0.6265, 0.5856, 0.5438, 0.5013, 0.4586, 0.4160, 0.3738, 0.3324, 0.2922, 0.2534, 0.2164, 0.1815, 0.1490, 0.1191, 0.0922, 0.0683, 0.0478, 0.0308, 0.0174, 0.0078, 0.0019, 0.0000, },
	{0.0000, 0.0019, 0.0076, 0.0170, 0.0300, 0.0466, 0.0666, 0.0898, 0.1161, 0.1452, 0.1769, 0.2109, 0.2470, 0.2848, 0.3241, 0.3644, 0.4055, 0.4471, 0.4887, 0.5301, 0.5708, 0.6107, 0.6492, 0.6862, 0.7213, 0.7542, 0.7846, 0.8123, 0.8371, 0.8588, 0.8771, 0.8919, 0.9031, 0.9107, 0.9145, 0.9145, 0.9107, 0.9031, 0.8919, 0.8771, 0.8588, 0.8371, 0.8123, 0.7846, 0.7542, 0.7213, 0.6862, 0.6492, 0.6107, 0.5708, 0.5301, 0.4887, 0.4471, 0.4055, 0.3644, 0.3241, 0.2848, 0.2470, 0.2109, 0.1769, 0.1452, 0.1161, 0.0898, 0.0666, 0.0466, 0.0300, 0.0170, 0.0076, 0.0019, 0.0000, },
	{0.0000, 0.0018, 0.0073, 0.0165, 0.0291, 0.0452, 0.0646, 0.0872, 0.1127, 0.1409, 0.1717, 0.2047, 0.2397, 0.2764, 0.3145, 0.3536, 0.3935, 0.4338, 0.4742, 0.5144, 0.5539, 0.5926, 0.6300, 0.6659, 0.6999, 0.7319, 0.7614, 0.7883, 0.8123, 0.8333, 0.8511, 0.8655, 0.8764, 0.8837, 0.8874, 0.8874, 0.8837, 0.8764, 0.8655, 0.8511, 0.8333, 0.8123, 0.7883, 0.7614, 0.7319, 0.6999, 0.6659, 0.6300, 0.5926, 0.5539, 0.5144, 0.4742, 0.4338, 0.3935, 0.3536, 0.3145, 0.2764, 0.2397, 0.2047, 0.1717, 0.1409, 0.1127, 0.0872, 0.0646, 0.0452, 0.0291, 0.0165, 0.0073, 0.0018, 0.0000, },
	{0.0000, 0.0018, 0.0071, 0.0159, 0.0281, 0.0437, 0.0624, 0.0842, 0.1088, 0.1361, 0.1658, 0.1977, 0.2315, 0.2669, 0.3037, 0.3415, 0.3801, 0.4190, 0.4580, 0.4968, 0.5350, 0.5724, 0.6085, 0.6432, 0.6760, 0.7069, 0.7354, 0.7614, 0.7846, 0.8049, 0.8221, 0.8360, 0.8465, 0.8536, 0.8571, 0.8571, 0.8536, 0.8465, 0.8360, 0.8221, 0.8049, 0.7846, 0.7614, 0.7354, 0.7069, 0.6760, 0.6432, 0.6085, 0.5724, 0.5350, 0.4968, 0.4580, 0.4190, 0.3801, 0.3415, 0.3037, 0.2669, 0.2315, 0.1977, 0.1658, 0.1361, 0.1088, 0.0842, 0.0624, 0.0437, 0.0281, 0.0159, 0.0071, 0.0018, 0.0000, },
	{0.0000, 0.0017, 0.0068, 0.0153, 0.0270, 0.0420, 0.0600, 0.0809, 0.1046, 0.1308, 0.1594, 0.1900, 0.2225, 0.2566, 0.2919, 0.3283, 0.3653, 0.4028, 0.4403, 0.4775, 0.5143, 0.5502, 0.5849, 0.6182, 0.6498, 0.6795, 0.7069, 0.7319, 0.7542, 0.7737, 0.7902, 0.8035, 0.8137, 0.8205, 0.8239, 0.8239, 0.8205, 0.8137, 0.8035, 0.7902, 0.7737, 0.7542, 0.7319, 0.7069, 0.6795, 0.6498, 0.6182, 0.5849, 0.5502, 0.5143, 0.4775, 0.4403, 0.4028, 0.3653, 0.3283, 0.2919, 0.2566, 0.2225, 0.1900, 0.1594, 0.1308, 0.1046, 0.0809, 0.0600, 0.0420, 0.0270, 0.0153, 0.0068, 0.0017, 0.0000, },
	{0.0000, 0.0016, 0.0065, 0.0146, 0.0259, 0.0402, 0.0574, 0.0774, 0.1000, 0.1251, 0.1524, 0.1818, 0.2128, 0.2454, 0.2792, 0.3140, 0.3494, 0.3852, 0.4211, 0.4567, 0.4918, 0.5262, 0.5594, 0.5913, 0.6215, 0.6498, 0.6760, 0.6999, 0.7213, 0.7399, 0.7557, 0.7685, 0.7782, 0.7847, 0.7879, 0.7879, 0.7847, 0.7782, 0.7685, 0.7557, 0.7399, 0.7213, 0.6999, 0.6760, 0.6498, 0.6215, 0.5913, 0.5594, 0.5262, 0.4918, 0.4567, 0.4211, 0.3852, 0.3494, 0.3140, 0.2792, 0.2454, 0.2128, 0.1818, 0.1524, 0.1251, 0.1000, 0.0774, 0.0574, 0.0402, 0.0259, 0.0146, 0.0065, 0.0016, 0.0000, },
	{0.0000, 0.0016, 0.0062, 0.0139, 0.0246, 0.0382, 0.0546, 0.0736, 0.0952, 0.1190, 0.1450, 0.1729, 0.2025, 0.2335, 0.2656, 0.2987, 0.3324, 0.3665, 0.4006, 0.4345, 0.4679, 0.5006, 0.5322, 0.5625, 0.5913, 0.6182, 0.6432, 0.6659, 0.6862, 0.7039, 0.7190, 0.7311, 0.7403, 0.7465, 0.7496, 0.7496, 0.7465, 0.7403, 0.7311, 0.7190, 0.7039, 0.6862, 0.6659, 0.6432, 0.6182, 0.5913, 0.5625, 0.5322, 0.5006, 0.4679, 0.4345, 0.4006, 0.3665, 0.3324, 0.2987, 0.2656, 0.2335, 0.2025, 0.1729, 0.1450, 0.1190, 0.0952, 0.0736, 0.0546, 0.0382, 0.0246, 0.0139, 0.0062, 0.0016, 0.0000, },
	{0.0000, 0.0015, 0.0059, 0.0132, 0.0233, 0.0361, 0.0517, 0.0697, 0.0901, 0.1126, 0.1372, 0.1636, 0.1916, 0.2209, 0.2513, 0.2826, 0.3145, 0.3467, 0.3790, 0.4111, 0.4427, 0.4736, 0.5035, 0.5322, 0.5594, 0.5849, 0.6085, 0.6300, 0.6492, 0.6660, 0.6802, 0.6917, 0.7004, 0.7063, 0.7092, 0.7092, 0.7063, 0.7004, 0.6917, 0.6802, 0.6660, 0.6492, 0.6300, 0.6085, 0.5849, 0.5594, 0.5322, 0.5035, 0.4736, 0.4427, 0.4111, 0.3790, 0.3467, 0.3145, 0.2826, 0.2513, 0.2209, 0.1916, 0.1636, 0.1372, 0.1126, 0.0901, 0.0697, 0.0517, 0.0361, 0.0233, 0.0132, 0.0059, 0.0015, 0.0000, },
	{0.0000, 0.0014, 0.0055, 0.0124, 0.0219, 0.0340, 0.0486, 0.0655, 0.0847, 0.1059, 0.1291, 0.1539, 0.1802, 0.2078, 0.2364, 0.2658, 0.2958, 0.3261, 0.3565, 0.3867, 0.4164, 0.4455, 0.4736, 0.5006, 0.5262, 0.5502, 0.5724, 0.5926, 0.6107, 0.6265, 0.6398, 0.6506, 0.6588, 0.6643, 0.6671, 0.6671, 0.6643, 0.6588, 0.6506, 0.6398, 0.6265, 0.6107, 0.5926, 0.5724, 0.5502, 0.5262, 0.5006, 0.4736, 0.4455, 0.4164, 0.3867, 0.3565, 0.3261, 0.2958, 0.2658, 0.2364, 0.2078, 0.1802, 0.1539, 0.1291, 0.1059, 0.0847, 0.0655, 0.0486, 0.0340, 0.0219, 0.0124, 0.0055, 0.0014, 0.0000, },
	{0.0000, 0.0013, 0.0052, 0.0116, 0.0205, 0.0318, 0.0454, 0.0613, 0.0792, 0.0990, 0.1206, 0.1438, 0.1684, 0.1942, 0.2210, 0.2485, 0.2765, 0.3049, 0.3332, 0.3615, 0.3893, 0.4164, 0.4427, 0.4679, 0.4918, 0.5143, 0.5350, 0.5539, 0.5708, 0.5856, 0.5981, 0.6082, 0.6159, 0.6210, 0.6236, 0.6236, 0.6210, 0.6159, 0.6082, 0.5981, 0.5856, 0.5708, 0.5539, 0.5350, 0.5143, 0.4918, 0.4679, 0.4427, 0.4164, 0.3893, 0.3615, 0.3332, 0.3049, 0.2765, 0.2485, 0.2210, 0.1942, 0.1684, 0.1438, 0.1206, 0.0990, 0.0792, 0.0613, 0.0454, 0.0318, 0.0205, 0.0116, 0.0052, 0.0013, 0.0000, },
	{0.0000, 0.0012, 0.0048, 0.0107, 0.0190, 0.0295, 0.0422, 0.0569, 0.0735, 0.0920, 0.1120, 0.1336, 0.1564, 0.1803, 0.2052, 0.2307, 0.2568, 0.2831, 0.3094, 0.3356, 0.3615, 0.3867, 0.4111, 0.4345, 0.4567, 0.4775, 0.4968, 0.5144, 0.5301, 0.5438, 0.5554, 0.5648, 0.5719, 0.5766, 0.5790, 0.5790, 0.5766, 0.5719, 0.5648, 0.5554, 0.5438, 0.5301, 0.5144, 0.4968, 0.4775, 0.4567, 0.4345, 0.4111, 0.3867, 0.3615, 0.3356, 0.3094, 0.2831, 0.2568, 0.2307, 0.2052, 0.1803, 0.1564, 0.1336, 0.1120, 0.0920, 0.0735, 0.0569, 0.0422, 0.0295, 0.0190, 0.0107, 0.0048, 0.0012, 0.0000, },
	{0.0000, 0.0011, 0.0044, 0.0099, 0.0175, 0.0272, 0.0389, 0.0524, 0.0678, 0.0848, 0.1033, 0.1231, 0.1442, 0.1663, 0.1892, 0.2127, 0.2367, 0.2610, 0.2853, 0.3094, 0.3332, 0.3565, 0.3790, 0.4006, 0.4211, 0.4403, 0.4580, 0.4742, 0.4887, 0.5013, 0.5120, 0.5207, 0.5272, 0.5316, 0.5338, 0.5338, 0.5316, 0.5272, 0.5207, 0.5120, 0.5013, 0.4887, 0.4742, 0.4580, 0.4403, 0.4211, 0.4006, 0.3790, 0.3565, 0.3332, 0.3094, 0.2853, 0.2610, 0.2367, 0.2127, 0.1892, 0.1663, 0.1442, 0.1231, 0.1033, 0.0848, 0.0678, 0.0524, 0.0389, 0.0272, 0.0175, 0.0099, 0.0044, 0.0011, 0.0000, },
	{0.0000, 0.0010, 0.0040, 0.0091, 0.0160, 0.0249, 0.0356, 0.0480, 0.0620, 0.0776, 0.0945, 0.1127, 0.1319, 0.1521, 0.1731, 0.1946, 0.2166, 0.2387, 0.2610, 0.2831, 0.3049, 0.3261, 0.3467, 0.3665, 0.3852, 0.4028, 0.4190, 0.4338, 0.4471, 0.4586, 0.4684, 0.4763, 0.4823, 0.4863, 0.4884, 0.4884, 0.4863, 0.4823, 0.4763, 0.4684, 0.4586, 0.4471, 0.4338, 0.4190, 0.4028, 0.3852, 0.3665, 0.3467, 0.3261, 0.3049, 0.2831, 0.2610, 0.2387, 0.2166, 0.1946, 0.1731, 0.1521, 0.1319, 0.1127, 0.0945, 0.0776, 0.0620, 0.0480, 0.0356, 0.0249, 0.0160, 0.0091, 0.0040, 0.0010, 0.0000, },
	{0.0000, 0.0009, 0.0037, 0.0082, 0.0145, 0.0226, 0.0323, 0.0435, 0.0562, 0.0703, 0.0857, 0.1022, 0.1197, 0.1380, 0.1570, 0.1765, 0.1964, 0.2166, 0.2367, 0.2568, 0.2765, 0.2958, 0.3145, 0.3324, 0.3494, 0.3653, 0.3801, 0.3935, 0.4055, 0.4160, 0.4249, 0.4320, 0.4375, 0.4411, 0.4430, 0.4430, 0.4411, 0.4375, 0.4320, 0.4249, 0.4160, 0.4055, 0.3935, 0.3801, 0.3653, 0.3494, 0.3324, 0.3145, 0.2958, 0.2765, 0.2568, 0.2367, 0.2166, 0.1964, 0.1765, 0.1570, 0.1380, 0.1197, 0.1022, 0.0857, 0.0703, 0.0562, 0.0435, 0.0323, 0.0226, 0.0145, 0.0082, 0.0037, 0.0009, 0.0000, },
	{0.0000, 0.0008, 0.0033, 0.0074, 0.0131, 0.0203, 0.0290, 0.0391, 0.0505, 0.0632, 0.0770, 0.0918, 0.1075, 0.1240, 0.1411, 0.1586, 0.1765, 0.1946, 0.2127, 0.2307, 0.2485, 0.2658, 0.2826, 0.2987, 0.3140, 0.3283, 0.3415, 0.3536, 0.3644, 0.3738, 0.3818, 0.3882, 0.3931, 0.3964, 0.3981, 0.3981, 0.3964, 0.3931, 0.3882, 0.3818, 0.3738, 0.3644, 0.3536, 0.3415, 0.3283, 0.3140, 0.2987, 0.2826, 0.2658, 0.2485, 0.2307, 0.2127, 0.1946, 0.1765, 0.1586, 0.1411, 0.1240, 0.1075, 0.0918, 0.0770, 0.0632, 0.0505, 0.0391, 0.0290, 0.0203, 0.0131, 0.0074, 0.0033, 0.0008, 0.0000, },
	{0.0000, 0.0007, 0.0029, 0.0066, 0.0116, 0.0180, 0.0258, 0.0348, 0.0449, 0.0562, 0.0685, 0.0817, 0.0956, 0.1103, 0.1254, 0.1411, 0.1570, 0.1731, 0.1892, 0.2052, 0.2210, 0.2364, 0.2513, 0.2656, 0.2792, 0.2919, 0.3037, 0.3145, 0.3241, 0.3324, 0.3395, 0.3453, 0.3496, 0.3525, 0.3540, 0.3540, 0.3525, 0.3496, 0.3453, 0.3395, 0.3324, 0.3241, 0.3145, 0.3037, 0.2919, 0.2792, 0.2656, 0.2513, 0.2364, 0.2210, 0.2052, 0.1892, 0.1731, 0.1570, 0.1411, 0.1254, 0.1103, 0.0956, 0.0817, 0.0685, 0.0562, 0.0449, 0.0348, 0.0258, 0.0180, 0.0116, 0.0066, 0.0029, 0.0007, 0.0000, },
	{0.0000, 0.0006, 0.0026, 0.0058, 0.0102, 0.0159, 0.0227, 0.0306, 0.0395, 0.0494, 0.0602, 0.0718, 0.0840, 0.0969, 0.1103, 0.1240, 0.1380, 0.1521, 0.1663, 0.1803, 0.1942, 0.2078, 0.2209, 0.2335, 0.2454, 0.2566, 0.2669, 0.2764, 0.2848, 0.2922, 0.2984, 0.3035, 0.3073, 0.3098, 0.3111, 0.3111, 0.3098, 0.3073, 0.3035, 0.2984, 0.2922, 0.2848, 0.2764, 0.2669, 0.2566, 0.2454, 0.2335, 0.2209, 0.2078, 0.1942, 0.1803, 0.1663, 0.1521, 0.1380, 0.1240, 0.1103, 0.0969, 0.0840, 0.0718, 0.0602, 0.0494, 0.0395, 0.0306, 0.0227, 0.0159, 0.0102, 0.0058, 0.0026, 0.0006, 0.0000, },
	{0.0000, 0.0006, 0.0022, 0.0050, 0.0089, 0.0138, 0.0197, 0.0265, 0.0343, 0.0429, 0.0522, 0.0622, 0.0729, 0.0840, 0.0956, 0.1075, 0.1197, 0.1319, 0.1442, 0.1564, 0.1684, 0.1802, 0.1916, 0.2025, 0.2128, 0.2225, 0.2315, 0.2397, 0.2470, 0.2534, 0.2588, 0.2632, 0.2665, 0.2687, 0.2698, 0.2698, 0.2687, 0.2665, 0.2632, 0.2588, 0.2534, 0.2470, 0.2397, 0.2315, 0.2225, 0.2128, 0.2025, 0.1916, 0.1802, 0.1684, 0.1564, 0.1442, 0.1319, 0.1197, 0.1075, 0.0956, 0.0840, 0.0729, 0.0622, 0.0522, 0.0429, 0.0343, 0.0265, 0.0197, 0.0138, 0.0089, 0.0050, 0.0022, 0.0006, 0.0000, },
	{0.0000, 0.0005, 0.0019, 0.0043, 0.0076, 0.0117, 0.0168, 0.0226, 0.0293, 0.0366, 0.0446, 0.0532, 0.0622, 0.0718, 0.0817, 0.0918, 0.1022, 0.1127, 0.1231, 0.1336, 0.1438, 0.1539, 0.1636, 0.1729, 0.1818, 0.1900, 0.1977, 0.2047, 0.2109, 0.2164, 0.2210, 0.2247, 0.2276, 0.2295, 0.2304, 0.2304, 0.2295, 0.2276, 0.2247, 0.2210, 0.2164, 0.2109, 0.2047, 0.1977, 0.1900, 0.1818, 0.1729, 0.1636, 0.1539, 0.1438, 0.1336, 0.1231, 0.1127, 0.1022, 0.0918, 0.0817, 0.0718, 0.0622, 0.0532, 0.0446, 0.0366, 0.0293, 0.0226, 0.0168, 0.0117, 0.0076, 0.0043, 0.0019, 0.0005, 0.0000, },
	{0.0000, 0.0004, 0.0016, 0.0036, 0.0063, 0.0098, 0.0141, 0.0190, 0.0245, 0.0307, 0.0374, 0.0446, 0.0522, 0.0602, 0.0685, 0.0770, 0.0857, 0.0945, 0.1033, 0.1120, 0.1206, 0.1291, 0.1372, 0.1450, 0.1524, 0.1594, 0.1658, 0.1717, 0.1769, 0.1815, 0.1854, 0.1885, 0.1909, 0.1925, 0.1933, 0.1933, 0.1925, 0.1909, 0.1885, 0.1854, 0.1815, 0.1769, 0.1717, 0.1658, 0.1594, 0.1524, 0.1450, 0.1372, 0.1291, 0.1206, 0.1120, 0.1033, 0.0945, 0.0857, 0.0770, 0.0685, 0.0602, 0.0522, 0.0446, 0.0374, 0.0307, 0.0245, 0.0190, 0.0141, 0.0098, 0.0063, 0.0036, 0.0016, 0.0004, 0.0000, },
	{0.0000, 0.0003, 0.0013, 0.0029, 0.0052, 0.0081, 0.0116, 0.0156, 0.0201, 0.0252, 0.0307, 0.0366, 0.0429, 0.0494, 0.0562, 0.0632, 0.0703, 0.0776, 0.0848, 0.0920, 0.0990, 0.1059, 0.1126, 0.1190, 0.1251, 0.1308, 0.1361, 0.1409, 0.1452, 0.1490, 0.1522, 0.1547, 0.1567, 0.1580, 0.1586, 0.1586, 0.1580, 0.1567, 0.1547, 0.1522, 0.1490, 0.1452, 0.1409, 0.1361, 0.1308, 0.1251, 0.1190, 0.1126, 0.1059, 0.0990, 0.0920, 0.0848, 0.0776, 0.0703, 0.0632, 0.0562, 0.0494, 0.0429, 0.0366, 0.0307, 0.0252, 0.0201, 0.0156, 0.0116, 0.0081, 0.0052, 0.0029, 0.0013, 0.0003, 0.0000, },
	{0.0000, 0.0003, 0.0010, 0.0024, 0.0042, 0.0065, 0.0092, 0.0125, 0.0161, 0.0201, 0.0245, 0.0293, 0.0343, 0.0395, 0.0449, 0.0505, 0.0562, 0.0620, 0.0678, 0.0735, 0.0792, 0.0847, 0.0901, 0.0952, 0.1000, 0.1046, 0.1088, 0.1127, 0.1161, 0.1191, 0.1217, 0.1237, 0.1253, 0.1263, 0.1268, 0.1268, 0.1263, 0.1253, 0.1237, 0.1217, 0.1191, 0.1161, 0.1127, 0.1088, 0.1046, 0.1000, 0.0952, 0.0901, 0.0847, 0.0792, 0.0735, 0.0678, 0.0620, 0.0562, 0.0505, 0.0449, 0.0395, 0.0343, 0.0293, 0.0245, 0.0201, 0.0161, 0.0125, 0.0092, 0.0065, 0.0042, 0.0024, 0.0010, 0.0003, 0.0000, },
	{0.0000, 0.0002, 0.0008, 0.0018, 0.0032, 0.0050, 0.0071, 0.0096, 0.0125, 0.0156, 0.0190, 0.0226, 0.0265, 0.0306, 0.0348, 0.0391, 0.0435, 0.0480, 0.0524, 0.0569, 0.0613, 0.0655, 0.0697, 0.0736, 0.0774, 0.0809, 0.0842, 0.0872, 0.0898, 0.0922, 0.0941, 0.0957, 0.0969, 0.0977, 0.0981, 0.0981, 0.0977, 0.0969, 0.0957, 0.0941, 0.0922, 0.0898, 0.0872, 0.0842, 0.0809, 0.0774, 0.0736, 0.0697, 0.0655, 0.0613, 0.0569, 0.0524, 0.0480, 0.0435, 0.0391, 0.0348, 0.0306, 0.0265, 0.0226, 0.0190, 0.0156, 0.0125, 0.0096, 0.0071, 0.0050, 0.0032, 0.0018, 0.0008, 0.0002, 0.0000, },
	{0.0000, 0.0002, 0.0006, 0.0013, 0.0024, 0.0037, 0.0053, 0.0071, 0.0092, 0.0116, 0.0141, 0.0168, 0.0197, 0.0227, 0.0258, 0.0290, 0.0323, 0.0356, 0.0389, 0.0422, 0.0454, 0.0486, 0.0517, 0.0546, 0.0574, 0.0600, 0.0624, 0.0646, 0.0666, 0.0683, 0.0698, 0.0710, 0.0719, 0.0725, 0.0728, 0.0728, 0.0725, 0.0719, 0.0710, 0.0698, 0.0683, 0.0666, 0.0646, 0.0624, 0.0600, 0.0574, 0.0546, 0.0517, 0.0486, 0.0454, 0.0422, 0.0389, 0.0356, 0.0323, 0.0290, 0.0258, 0.0227, 0.0197, 0.0168, 0.0141, 0.0116, 0.0092, 0.0071, 0.0053, 0.0037, 0.0024, 0.0013, 0.0006, 0.0002, 0.0000, },
	{0.0000, 0.0001, 0.0004, 0.0009, 0.0017, 0.0026, 0.0037, 0.0050, 0.0065, 0.0081, 0.0098, 0.0117, 0.0138, 0.0159, 0.0180, 0.0203, 0.0226, 0.0249, 0.0272, 0.0295, 0.0318, 0.0340, 0.0361, 0.0382, 0.0402, 0.0420, 0.0437, 0.0452, 0.0466, 0.0478, 0.0488, 0.0497, 0.0503, 0.0507, 0.0509, 0.0509, 0.0507, 0.0503, 0.0497, 0.0488, 0.0478, 0.0466, 0.0452, 0.0437, 0.0420, 0.0402, 0.0382, 0.0361, 0.0340, 0.0318, 0.0295, 0.0272, 0.0249, 0.0226, 0.0203, 0.0180, 0.0159, 0.0138, 0.0117, 0.0098, 0.0081, 0.0065, 0.0050, 0.0037, 0.0026, 0.0017, 0.0009, 0.0004, 0.0001, 0.0000, },
	{0.0000, 0.0001, 0.0003, 0.0006, 0.0011, 0.0017, 0.0024, 0.0032, 0.0042, 0.0052, 0.0063, 0.0076, 0.0089, 0.0102, 0.0116, 0.0131, 0.0145, 0.0160, 0.0175, 0.0190, 0.0205, 0.0219, 0.0233, 0.0246, 0.0259, 0.0270, 0.0281, 0.0291, 0.0300, 0.0308, 0.0314, 0.0320, 0.0324, 0.0327, 0.0328, 0.0328, 0.0327, 0.0324, 0.0320, 0.0314, 0.0308, 0.0300, 0.0291, 0.0281, 0.0270, 0.0259, 0.0246, 0.0233, 0.0219, 0.0205, 0.0190, 0.0175, 0.0160, 0.0145, 0.0131, 0.0116, 0.0102, 0.0089, 0.0076, 0.0063, 0.0052, 0.0042, 0.0032, 0.0024, 0.0017, 0.0011, 0.0006, 0.0003, 0.0001, 0.0000, },
	{0.0000, 0.0000, 0.0002, 0.0003, 0.0006, 0.0009, 0.0013, 0.0018, 0.0024, 0.0029, 0.0036, 0.0043, 0.0050, 0.0058, 0.0066, 0.0074, 0.0082, 0.0091, 0.0099, 0.0107, 0.0116, 0.0124, 0.0132, 0.0139, 0.0146, 0.0153, 0.0159, 0.0165, 0.0170, 0.0174, 0.0178, 0.0181, 0.0183, 0.0185, 0.0185, 0.0185, 0.0185, 0.0183, 0.0181, 0.0178, 0.0174, 0.0170, 0.0165, 0.0159, 0.0153, 0.0146, 0.0139, 0.0132, 0.0124, 0.0116, 0.0107, 0.0099, 0.0091, 0.0082, 0.0074, 0.0066, 0.0058, 0.0050, 0.0043, 0.0036, 0.0029, 0.0024, 0.0018, 0.0013, 0.0009, 0.0006, 0.0003, 0.0002, 0.0000, 0.0000, },
	{0.0000, 0.0000, 0.0001, 0.0002, 0.0003, 0.0004, 0.0006, 0.0008, 0.0010, 0.0013, 0.0016, 0.0019, 0.0022, 0.0026, 0.0029, 0.0033, 0.0037, 0.0040, 0.0044, 0.0048, 0.0052, 0.0055, 0.0059, 0.0062, 0.0065, 0.0068, 0.0071, 0.0073, 0.0076, 0.0078, 0.0079, 0.0081, 0.0082, 0.0082, 0.0083, 0.0083, 0.0082, 0.0082, 0.0081, 0.0079, 0.0078, 0.0076, 0.0073, 0.0071, 0.0068, 0.0065, 0.0062, 0.0059, 0.0055, 0.0052, 0.0048, 0.0044, 0.0040, 0.0037, 0.0033, 0.0029, 0.0026, 0.0022, 0.0019, 0.0016, 0.0013, 0.0010, 0.0008, 0.0006, 0.0004, 0.0003, 0.0002, 0.0001, 0.0000, 0.0000, },
	{0.0000, 0.0000, 0.0000, 0.0000, 0.0001, 0.0001, 0.0002, 0.0002, 0.0003, 0.0003, 0.0004, 0.0005, 0.0006, 0.0006, 0.0007, 0.0008, 0.0009, 0.0010, 0.0011, 0.0012, 0.0013, 0.0014, 0.0015, 0.0016, 0.0016, 0.0017, 0.0018, 0.0018, 0.0019, 0.0019, 0.0020, 0.0020, 0.0020, 0.0021, 0.0021, 0.0021, 0.0021, 0.0020, 0.0020, 0.0020, 0.0019, 0.0019, 0.0018, 0.0018, 0.0017, 0.0016, 0.0016, 0.0015, 0.0014, 0.0013, 0.0012, 0.0011, 0.0010, 0.0009, 0.0008, 0.0007, 0.0006, 0.0006, 0.0005, 0.0004, 0.0003, 0.0003, 0.0002, 0.0002, 0.0001, 0.0001, 0.0000, 0.0000, 0.0000, 0.0000, },
	{0.0000, 0.0000, 0.0000, 0.0000, 0.0000, 0.0000, 0.0000, 0.0000, 0.0000, 0.0000, 0.0000, 0.0000, 0.0000, 0.0000, 0.0000, 0.0000, 0.0000, 0.0000, 0.0000, 0.0000, 0.0000, 0.0000, 0.0000, 0.0000, 0.0000, 0.0000, 0.0000, 0.0000, 0.0000, 0.0000, 0.0000, 0.0000, 0.0000, 0.0000, 0.0000, 0.0000, 0.0000, 0.0000, 0.0000, 0.0000, 0.0000, 0.0000, 0.0000, 0.0000, 0.0000, 0.0000, 0.0000, 0.0000, 0.0000, 0.0000, 0.0000, 0.0000, 0.0000, 0.0000, 0.0000, 0.0000, 0.0000, 0.0000, 0.0000, 0.0000, 0.0000, 0.0000, 0.0000, 0.0000, 0.0000, 0.0000, 0.0000, 0.0000, 0.0000, 0.0000, }
};
constexpr const float *kHann70x70Raw = &kHann70x70[0][0];

}  // namespace Mosse
